73080	12	45	17270	12077	16988	16990	12082	12842	12843	12844	12351	513	16430	2023	16442	3205	3122	9856	1046	9919	9861	9875	1028	10141	1023	9781	9783	9786	9788	9791	10121	10192	9514	9515	9516	9518	9971	64715	747	749	750	751	752	767	754	763	7250	
73084	13	41	6974	753	8272	13245	13246	10187	10066	983	9972	9901	9900	9899	9898	9792	9789	9787	9785	9782	1024	1025	9922	9859	9877	9862	1047	9852	3123	3128	16613	2021	3144	512	12349	12830	12832	12831	12086	14173	16989	14172	17023	
73092	15	48	7629	1814	16667	16666	1971	1978	16668	16810	1975	1974	1977	13495	10130	10129	9972	9901	9900	9899	9898	10193	9897	9896	9895	9894	9893	9940	9915	9917	9914	9911	9905	9909	9907	17011	3126	16613	2021	3144	512	12349	12830	12832	12831	12086	14173	16989	14172	17023	
73096	8	31	11073	73546	13311	13312	13313	13314	13325	8338	14063	14067	10084	69616	9494	9496	9497	9499	9501	9502	9503	9504	9505	9506	9936	9937	1003	9951	17003	8466	8468	8769	8773	
73100	7	26	8773	7807	9952	9954	9059	9071	64751	64752	9947	9892	9891	9890	9889	9888	9887	9886	9885	9884	9883	9882	9550	9466	10203	13315	14060	11068	
73104	7	22	9828	9829	9830	9831	9832	9834	10019	10027	10078	1019	10029	10047	10131	10048	8273	8271	751	752	767	754	763	7250	
73108	7	22	7269	764	753	8272	13245	13246	10187	10066	983	10068	10069	10071	10062	10038	9820	9821	9822	9326	9327	9995	9996	9997	
73112	4	9	10723	13225	9531	10211	9532	9533	9534	9625	1259	
73116	6	19	1259	9540	9539	9597	9596	9522	9521	9520	9519	13223	14062	14061	14060	14059	8338	14063	13222	13221	10720	
73120	10	29	12758	1033	1034	12837	9645	9646	9647	9648	9649	9650	9651	9652	9653	9654	9655	9656	9657	10105	9504	9505	9506	9936	9937	1003	9951	17003	8466	8521	8770	
73124	7	30	8520	9050	8469	8708	17005	17006	9952	9954	9059	9071	64751	64752	9947	9892	9891	9670	9669	9668	9667	9666	9665	9664	9663	9662	9661	9660	8202	1036	1035	13188	
73128	11	37	11133	17018	11132	11129	11131	11102	11104	14666	14669	11105	14671	16988	16990	12082	12842	12843	12844	12351	513	16430	2023	16442	3205	3122	9856	1046	9919	9861	9875	9880	1022	1021	1024	9780	16797	2515	16634	
73132	3	8	16632	16804	9826	9827	9983	9984	10000	8313	
73136	9	28	16633	2513	16796	9779	9922	9859	9877	9862	1047	9852	3123	3128	16613	2021	3144	512	12349	12830	12832	12831	12086	14173	16989	14172	12103	14667	12080	11098	
73140	7	29	12282	1040	1030	10189	9706	9707	9708	9710	9711	9712	9713	9714	9715	10109	1003	9951	17003	8466	8468	9050	8469	8471	8765	8472	8473	8475	16844	13234	8241	
73144	6	18	8241	13232	989	17008	17021	9915	9917	9914	9911	9905	9909	9907	17011	3126	16613	2749	2014	2560	
73148	7	26	12282	1040	1030	10189	9706	9707	9708	9710	9711	9712	9713	9714	9715	10109	1003	9951	17003	8466	8468	9050	8469	8471	8765	8472	8473	13574	
73152	6	21	8710	16845	13234	8241	13232	989	17008	17021	9915	9917	9914	9911	9905	9909	9907	17011	3126	16613	2749	2014	2560	
73156	10	30	9828	9829	9830	9831	9832	9382	9381	9380	9379	9378	9377	1025	1027	9781	9783	9786	9788	9791	10121	9793	9960	13249	13251	13244	13239	13240	13242	13243	13233	13574	
73160	11	33	8482	8483	8485	8486	8489	13585	13252	13250	9959	9794	10120	9792	9789	9787	9785	9408	9409	10186	1057	9410	9411	9979	9980	9981	10014	9992	9993	9995	9996	9983	9984	10000	8313	
73164	15	47	16633	2146	16631	2148	17016	9754	10151	1052	9755	9756	9372	9371	9370	10163	1014	9369	9368	9367	9366	9365	9364	9362	9652	9653	9654	9655	9656	9657	10105	998	9658	9659	16997	8443	8623	9545	9544	9614	9934	13215	8358	13212	8359	13214	8627	8779	8430	
73168	13	43	8428	8433	8435	8436	8437	8438	8439	16995	1260	9644	9642	9641	10104	997	9640	9638	9637	9636	9635	9391	9392	9393	9395	9396	9397	9398	9399	10165	10190	9401	9402	9750	9751	9753	1050	1051	9322	9323	9324	2716	2041	2515	16634	
73172	3	8	16632	16804	9826	9827	9983	9984	10000	8313	
73176	7	19	2561	1041	2023	16442	3205	17010	9906	9910	9903	9912	9913	9916	9904	17022	1011	10111	9941	13235	13232	
73184	2	11	9551	13223	14062	14061	14060	14059	8338	14063	13222	13221	10720	
73188	2	6	10723	13225	13224	13223	14067	9551	
73192	12	40	2561	1041	2023	16442	3205	17010	9906	9910	9903	9912	9913	9916	9904	17022	10051	17006	9952	9954	9059	8460	8459	8457	8455	8452	8449	8598	8880	8447	9285	17043	9541	9540	9613	9614	9934	13215	8358	13212	8359	10816	
73196	9	40	8778	8433	8435	8436	8437	8438	8439	8782	8441	9284	8445	8878	8597	8448	8450	8454	8456	8458	8462	8464	8465	8466	8468	9050	8469	8764	17004	989	17008	17021	9915	9917	9914	9911	9905	9909	9907	17011	3125	16615	
73200	9	28	12282	1040	512	12349	12830	12832	12831	12086	14173	16989	14172	12103	14667	12080	14665	11107	14659	14658	11121	8343	8346	8350	8144	10199	10201	10202	8145	10203	
73204	10	41	10203	13315	14060	14059	8338	14063	14062	14070	13310	14068	9493	9494	992	9560	9559	9558	9557	9556	10082	9843	9547	9546	8342	11120	17018	11132	11129	11131	11102	11104	14666	14669	11105	17002	9288	9865	9289	8202	1036	1035	13188	
73208	7	19	2561	1041	2023	16442	3205	17010	9906	9910	9903	9912	9913	9916	9904	17022	1011	10111	9941	13235	13232	
73212	5	14	13232	989	17008	17021	9915	9917	9914	9911	9905	9909	9907	17011	3125	16615	
73216	4	10	11047	8144	10199	10201	10202	8145	10203	13315	14064	11022	
73220	3	7	11047	9845	9547	9546	8342	8344	17268	
73224	4	11	12282	1040	1030	10189	9706	9707	9708	9341	9340	9339	9338	
73228	2	11	9338	9664	9314	9315	9689	9688	9687	8201	1037	1038	1238	
73232	6	22	12282	1040	512	12349	12830	12832	12831	12086	14173	16989	14172	12103	14667	12080	14665	11107	14659	14658	11121	8343	8346	11096	
73236	6	23	11047	9845	9547	9546	8342	11120	17018	11132	11129	11131	11102	11104	14666	14669	11105	17002	9288	9865	9289	8202	1036	1035	13188	
73240	11	33	8319	10013	10012	9991	9383	9382	9381	9380	9379	9378	9377	1025	9922	9859	9877	9862	1047	9852	3123	3128	16613	2021	3144	512	12349	12830	12832	12831	12086	14173	16989	14172	17023	
73244	11	37	17270	12077	16988	16990	12082	12842	12843	12844	12351	513	16430	2023	16442	3205	3122	9856	1046	9919	9861	9875	1028	9773	9774	9407	9408	9409	10186	1057	9410	9411	9979	9980	9981	9982	10017	10018	8322	
73248	11	33	8319	10013	10012	9991	9383	9382	9381	9380	9379	9378	9377	1025	9922	9859	9877	9862	1047	9852	3123	3128	16613	2021	3144	512	12349	12830	12832	12831	12086	14173	16989	14172	17023	
73252	2	2	8294	8295	
73256	3	6	8295	8296	8297	8298	8299	8322	
73260	11	42	11073	73546	13311	13312	13313	13314	13325	8338	14063	13222	13221	13219	13218	8352	8353	13217	8354	9944	9945	13416	8781	8439	16995	1260	9644	9642	9641	10104	997	9640	9638	9637	9636	9635	9391	9392	9393	9395	9692	9691	9339	9338	
73264	11	28	9338	9337	9651	9652	9653	9654	9655	9656	9657	10105	998	9658	9659	16997	8443	8623	9545	9544	9543	9542	13226	13225	13224	13223	14062	14061	14060	11068	
73268	1	5	8520	8769	8773	7807	9952	
73272	2	12	9952	9954	9059	9071	64751	9937	1003	9951	17003	8466	8521	8770	
73276	8	29	2326	1987	1990	2696	1044	1045	9733	9734	9735	9737	9738	9740	9741	9743	10113	1016	9941	13235	13233	8475	8476	8477	8479	8481	8482	8483	8485	8486	8487	
73280	9	28	8900	8492	13585	13244	13239	13240	13242	13234	13236	9744	10205	1017	9746	9747	9748	9749	9750	9751	9753	1050	1051	9322	9323	9324	2716	2041	2515	16634	
73284	5	20	6974	753	766	754	803	8286	8285	13584	8497	8498	8491	8492	13585	13244	13239	13240	13242	13243	13233	13574	
73288	3	8	8711	8479	8481	8482	8483	8485	8486	8487	
73292	16	54	8900	8492	13585	13244	13239	13240	13242	13243	13232	17006	9952	9954	9059	8460	8459	8457	8455	8452	8449	8598	8880	8447	9285	17043	9541	9540	9539	9597	9596	9595	10101	994	9594	9593	9592	9591	9590	9589	9588	9587	9586	10039	10040	17020	11129	11131	11102	11104	14666	14669	11105	14671	16988	16994	
73296	16	54	16994	9627	9291	9867	9866	9600	9601	9299	10043	9573	9574	9575	9576	9577	9578	9579	9580	9581	10100	993	9582	9583	9532	9533	9534	9535	9536	16998	8784	8450	8454	8456	8458	8462	8464	8465	8466	8468	9050	8469	8471	8765	8472	8473	8475	8476	8477	8479	8481	8482	8483	8485	8486	8487	
73300	7	21	6974	753	766	754	803	8286	8285	13584	8497	8498	8491	8492	13585	13244	13239	13240	13242	13243	13232	17006	9952	
73304	5	20	9952	17003	8466	8468	9050	8469	8471	8765	8472	8473	8475	8476	8477	8479	8481	8482	8483	8485	8486	8487	
73308	15	41	8319	10013	10012	9991	9383	9382	9381	9380	9379	9378	9377	1025	9376	9375	9374	9372	9371	9370	10163	1014	9369	9368	9367	9366	9365	9364	9362	9361	9360	9359	9358	9356	9924	10204	10081	9843	9547	9546	8342	8344	17268	
73316	13	40	8319	10013	10012	9991	9383	9382	9381	9380	9379	9378	9377	1025	9376	9375	9374	9372	9371	9370	10163	1014	9369	9368	9367	9366	9365	9364	9362	9361	9360	9359	9358	9356	9924	10204	10081	9843	9547	9328	8349	11095	
73324	7	23	16633	2146	16631	2148	17016	9754	10151	1052	9755	9756	9372	9371	9737	9738	9740	9741	9743	10113	1016	9941	13235	13233	13574	
73328	7	23	8710	16845	13234	13236	9744	10205	1017	9746	9747	9748	9749	9750	9751	9753	1050	1051	9322	9323	9324	2716	2041	2515	16634	
73332	3	8	16632	16804	9826	9827	9983	9984	10000	8313	
73336	7	23	16633	2146	16631	2148	17016	9754	10151	1052	9755	9756	9757	9758	9759	9760	9761	10116	9762	8259	8242	8241	13232	10054	10050	
73340	7	20	10050	9939	9507	1017	9746	9747	9748	9749	9750	9751	9753	1050	1051	9322	9323	9324	2716	2041	2515	16634	
73344	3	8	16632	16804	9826	9827	9983	9984	10000	8313	
73348	20	58	8294	8295	8296	8297	8298	10013	10012	9991	9383	9382	9381	9380	9379	9378	9377	1025	1027	9781	9783	9786	9788	9791	9897	9896	9895	9894	9893	9940	1010	9948	1006	9949	9946	9947	9892	9891	9890	9889	9888	9887	9886	9885	9884	9883	10098	991	9571	9519	13223	14062	14061	14060	14059	8338	14063	13222	13221	10720	
73352	18	49	10723	13225	13224	13223	14067	10084	69616	9494	9496	9497	9499	9501	9502	9503	9504	9505	9506	9936	9937	9950	1005	10110	1009	70330	9939	9507	9509	9510	9511	9513	10192	10120	9792	9789	9787	9785	9408	9409	10186	1057	9410	9411	9979	9980	9981	9982	10017	10018	8322	
73356	10	29	8294	8295	8296	8297	8298	10013	10012	9991	9383	9382	9381	9380	9379	9378	9377	1025	1027	9781	9783	9786	9788	9791	10121	9793	9960	13249	13251	8494	8487	
73360	8	25	8900	8492	13585	13252	13250	9959	9794	10120	9792	9789	9787	9785	9408	9409	10186	1057	9410	9411	9979	9980	9981	9982	10017	10018	8322	
73364	16	40	11133	17000	10041	9293	9871	9873	9874	9294	9902	9674	9675	9676	9678	9679	9681	9682	9683	9685	10107	9506	9936	9937	9950	1004	10206	1011	9939	9507	9509	9510	9511	9513	10192	9514	10122	9803	8266	8267	8254	8270	
73368	16	40	8270	8248	8247	8264	9802	9898	10193	9897	9896	9895	9894	9893	9940	1010	9948	1006	9949	9946	9947	9697	9695	9694	9693	9692	9691	9690	9689	9303	9302	9301	9300	9629	9853	9867	9866	9290	17020	11128	14658	14656	
73372	14	51	10723	9564	10211	9532	9533	9534	9535	9536	16998	8784	8450	8454	8456	8458	8462	8464	8465	8466	8468	9050	8469	8471	8765	8472	8473	8475	8476	8477	8479	8481	8482	8483	8485	8486	8489	13585	13252	13250	9959	9794	10120	9792	9789	9787	9785	9782	1024	9780	16797	2515	16634	
73376	16	46	16633	2513	16796	9779	1027	9781	9783	9786	9788	9791	10121	9793	9960	13249	13251	13244	13239	13240	13242	13243	13232	17006	9952	9954	9059	8460	8459	8457	8455	8452	8449	8598	8880	8447	9285	17043	9541	9540	9539	9597	9596	9522	9521	9520	9572	10720	
73380	15	46	11023	14065	14059	8338	14063	14067	10084	69616	9494	9496	9497	9499	9501	9502	9503	9504	9505	9506	9936	9937	9950	1004	10206	1011	9939	9507	9509	9510	9511	9513	10192	9514	9515	9516	9518	9971	10032	10033	13494	1976	16664	16984	16665	1972	16667	16701	
73384	15	49	17280	16666	1971	1978	16668	16810	1975	1974	1977	13495	10130	10129	9972	9901	9900	9899	9898	10193	9897	9896	9895	9894	9893	9940	1010	9948	1006	9949	9946	9947	9892	9891	9890	9889	9888	9887	9886	9885	9884	9883	10098	991	9571	9519	13223	14062	14061	14064	11022	
73388	6	24	11023	14065	14059	8338	14063	13222	13221	13219	13218	8352	8353	13217	8354	13216	8355	8357	13215	8358	13212	8359	13214	8627	8779	8430	
73392	5	16	8428	8625	13231	13213	13230	8356	13229	13227	13226	13225	13224	13223	14062	14061	14064	11022	
73396	7	27	12285	1031	1032	9672	9673	9674	9675	9676	9678	9679	9681	9682	9683	9685	10107	9506	9936	9937	1003	9951	17003	8466	8468	9050	8469	8708	17005	
73400	6	24	17005	17006	9952	9954	9059	8460	8756	9935	1002	1001	9697	9695	9694	9693	9692	9691	9690	9689	9688	9687	8201	1037	1038	1238	
73404	12	37	11133	17018	11132	11129	11131	11102	11104	14666	14669	11105	17002	9288	9865	9646	9647	9648	9649	9650	9651	9652	9653	9654	9655	9656	9657	10105	9504	9505	9506	9936	9937	1003	9951	17003	8466	8521	8770	
73408	8	32	8520	9050	8469	8708	17005	17006	9952	9954	9059	9071	64751	64752	9947	9892	9891	9670	9669	9668	9667	9666	9665	9664	9663	9301	9300	9629	9853	9863	8198	11101	11100	11098	
73412	9	27	13258	10061	10060	10059	10057	10027	10078	1019	10029	10047	10131	10129	9972	9901	9900	9899	9898	10193	9897	9896	9895	10116	9762	8259	8242	8241	13232	
73416	9	28	13232	10054	10050	9939	9507	9509	9510	9511	9513	10192	9514	9515	9516	9518	9971	64715	747	13414	744	8276	8279	8281	737	10028	10049	8280	8325	8326	
73420	7	23	9946	9947	9697	9695	9694	9693	9692	9691	9339	9338	9664	9663	9662	9661	9660	8202	1036	12831	12086	14173	16989	14172	17023	
73424	10	38	12285	1031	1032	9672	9673	9674	9675	9676	9678	9679	9681	9682	9683	9685	10107	1000	9686	8805	8452	8449	8598	8880	8447	9285	8443	8623	9545	9544	9614	9934	13215	8358	13212	8359	13214	8627	8779	8430	
73428	8	35	8428	8433	8435	8436	8437	8438	8439	8782	8441	9284	8445	8878	8597	8448	8450	8454	8456	8681	9935	1002	1001	9697	9695	9694	9693	9692	9691	9690	9689	9688	9687	8201	1037	1038	1238	
73432	2	11	11073	73546	13311	13312	13313	13314	13325	8338	14063	13222	13221	
73436	2	6	13224	13223	14062	14061	14060	11068	
73440	10	30	11133	17000	10041	9293	9871	9873	9874	9294	9902	9674	9675	9676	9678	9679	9681	9682	9683	9685	10107	9506	9936	9937	1003	9951	17003	8466	8468	8769	8773	7807	
73444	9	29	7807	9952	9954	9059	8460	8756	9935	1002	1001	9697	9695	9694	9693	9692	9691	9690	9689	9303	9302	9301	9300	9629	9853	9867	9866	9290	17020	11128	14661	
73448	6	29	17270	12077	16988	16990	12084	12837	9645	9646	9647	9294	9902	9296	9297	9298	9706	9707	9708	9710	9711	9712	9713	9714	9715	72127	9950	1004	10206	10051	17006	
73452	8	30	17006	9952	9954	9059	8460	8756	9935	1002	1001	9697	9695	9694	9693	9692	9691	9690	9689	9303	9302	9662	9661	9660	8202	1036	12831	12086	14173	16989	14172	17023	
73456	7	29	17270	12077	16988	16990	12084	12837	9645	9646	9647	9294	9902	9296	9297	9298	9706	9707	9708	9710	9711	9712	9713	9714	9715	72127	9950	1004	10206	10051	17006	
73460	8	30	17006	9952	9954	9059	8460	8756	9935	1002	1001	9697	9695	9694	9693	9692	9691	9690	9689	9303	9302	9662	9661	9660	8202	1036	12831	12086	14173	16989	14172	17023	
73464	3	7	11047	9845	9547	9546	8342	8344	17268	
73468	2	11	11073	73546	13311	13312	13313	13314	13325	8338	14063	13222	13221	
73472	3	6	13224	13223	14062	14061	14060	11068	
73476	9	33	11073	73546	13311	13312	13313	13314	13325	8338	14063	14067	10084	69622	9571	9572	9531	10211	9532	9533	9534	9535	9536	16998	8784	8450	8454	8456	8458	8462	8464	8465	8466	8521	8770	
73480	6	22	8428	8433	8435	8436	8437	8438	8439	16995	9541	9540	9539	9597	9596	9522	9521	9520	9519	13223	14062	14061	14060	11068	
73484	4	13	9828	9827	9983	9984	10000	8295	8296	8297	8298	8299	8300	8301	8326	
73488	5	25	11073	73546	13311	13312	13313	13314	13325	8338	14063	14062	14070	13310	14068	9493	9494	992	9560	9559	9558	9557	9556	10082	9843	9844	11095	
73492	3	10	11047	8144	10199	10201	10202	8145	10203	13315	14060	11068	
73496	1	7	11047	9845	9547	9328	8349	11095	11097	
73504	2	10	9026	8449	8598	8880	8447	9285	8443	8623	9545	9544	
73508	2	5	9544	9543	9542	8353	10758	
73512	5	15	8428	8625	13231	13213	13230	8356	13229	9944	9945	13416	8781	8439	8623	9545	9544	
73516	11	41	9519	13223	14067	10084	69622	9571	9572	9531	10211	9532	9533	9534	9535	9536	16998	8784	8450	8454	8456	8458	8462	8464	8465	8466	8468	9050	8469	8471	8765	8472	8473	8475	8476	8477	8479	8481	8482	8483	8485	8486	8487	
73520	12	43	6974	753	766	754	803	8286	8285	13584	8497	8498	8491	8492	13585	13244	13239	13240	13242	13243	13232	17006	9952	9954	9059	8460	8459	8457	8455	8452	8449	8598	8880	8447	9285	17043	9541	9540	9539	9597	9596	9522	9521	9520	9519	
73524	6	24	11023	14065	14059	8338	14063	13222	13221	13219	13218	8352	8353	13217	8354	13216	8355	8357	13215	8358	13212	8359	13214	8627	8779	8430	
73528	5	16	8428	8625	13231	13213	13230	8356	13229	13227	13226	13225	13224	13223	14062	14061	14064	11022	
73532	11	37	17270	12077	16988	16990	12082	12842	12843	12844	12351	513	16430	2023	16442	3205	3122	9856	1046	9919	9861	9875	1028	9773	9774	9407	9408	9409	10186	1057	9410	9411	9979	9980	9981	9982	10017	10018	8322	
73536	1	7	8348	8350	8144	10199	10201	10202	10487	
