55733	23614	23621	23614	23621	
55761	45361	45534	45704	45707	45714	45370	
55838	44494	44609	44536	44494	44609	44536	
55866	10211	54773	46038	9521	54773	
55894	9650	44522	44599	44604	9648	44515	44522	44604	
55924	46801	19396	46414	41658	46419	41663	
55966	44555	44635	44555	44635	
56134	44891	45285	44905	45285	44891	9411	
56197	9991	46288	10012	46232	
56305	19378	41674	19385	41674	19346	
56342	46358	46351	46563	46563	46358	
56451	44710	44717	44724	44717	44731	
56458	10027	10037	10076	10198	10019	
56508	46654	46441	46654	46441	
56535	45653	45824	45639	45824	
56540	46253	46267	46641	46246	
56581	43767	43774	43764	43767	
56588	41623	46395	41618	41628	
56603	44958	45187	44972	44958	44972	45187	
56699	44433	44473	44440	44399	44433	
56738	9625	46059	46108	9524	46066	46115	
56802	45603	45770	45596	45589	45603	45589	9931	9683	45596	
56812	44672	44869	44869	
56910	44944	45166	44986	45117	45166	45117	44986	
57008	8770	
57061	45583	45756	45576	45763	
57104	8464	8466	42896	46446	
57171	43717	44128	46094	46087	44128	46094	46080	
57227	45450	45608	45794	45450	45804	45608	9429	
57334	44993	45194	44993	45194	45450	
57422	44409	49104	49124	44416	40948	49104	
57562	41923	44563	44738	46668	41923	44746	46668	
57642	41895	54773	54885	41895	54773	54885	
57693	45031	45041	45053	45131	45041	45131	
57796	42450	42879	42879	42450	
57891	42461	42450	
57904	44454	44589	44577	46463	
58029	45095	44923	9604	44937	
58160	8483	43764	43764	
58274	45683	45954	45853	45674	
58307	45548	45735	45749	45548	45735	45749	
58337	45017	45024	45234	45234	45024	
58365	46170	46177	55304	46170	46177	
68938	516	
68940	1136	
68942	1236	
68945	1373	
68947	1513	
68949	1707	
68951	1764	
68953	2038	
68955	2078	
68957	2144	
68959	2171	
68961	2326	
68963	2532	
68965	2561	
68967	6974	
68969	7193	
68981	7312	
68984	7336	
68987	7629	
68989	8292	
68991	8294	
68994	8316	
68997	8319	
68999	8348	
69001	42349	
69003	9035	
69005	42903	
69008	42461	
69010	43774	
69012	8499	
69015	8520	
69017	8710	
69019	8711	
69021	8900	
69025	46863	
69031	1353	
69060	9828	
69062	10483	
69065	10718	
69067	10723	
69069	10749	
69071	10757	
69073	10772	
69075	10798	
69077	10825	
69079	10834	
69081	11023	
69083	11047	
69085	11073	
69087	11074	
69089	11123	
69091	11230	
69093	12758	
69095	12282	
69097	12285	
69099	12847	
69101	13258	
69103	14664	
69105	16633	
69107	594	
69109	17050	
69111	17181	
69113	17270	
69115	17280	
69117	768	
69119	7269	
69121	1208	
69123	9026	
69125	1329	
69127	9998	
69130	2645	
69132	16632	
69134	6939	
69136	7286	
69138	8428	
69140	8778	
69142	8946	
69144	12120	
69152	593	
69154	769	
69156	1167	
69158	1217	
69160	7596	
69162	12356	
69165	7250	
69167	7313	
69169	17023	
69171	12055	
69173	16615	
69175	17268	
69177	12117	
69180	13188	
69182	2560	
69184	16701	
69186	1766	
69188	16634	
69190	2525	
69192	2106	
69194	2534	
69196	2035	
69199	2176	
69201	2177	
69203	2196	
69205	2211	
69207	2137	
69209	2747	
69211	10481	
69213	10487	
69215	13189	
69217	12846	
69219	8269	
69221	8293	
69223	8313	
69225	8322	
69227	8326	
69229	10719	
69232	11022	
69234	11229	
69236	11097	
69238	41950	
69241	10758	
69243	10766	
69246	1297	
69248	1298	
69250	10832	
69252	10837	
69254	10816	
69256	8487	
69258	1557	
69260	9019	
69262	1499	
69264	1500	
69266	13574	
69268	9054	
69270	9055	
69272	9029	
69274	1706	
69276	8906	
69278	8770	
69280	8430	
69283	9825	
69285	9999	
69287	9997	
69289	1330	
69291	10484	
69293	10533	
69295	11106	
69297	11098	
69299	10720	
69301	10739	
69303	11068	
69305	691	
69307	694	
69309	6940	
69311	7287	
69313	6945	
69315	7270	
69317	1238	
69319	12355	
69321	11115	
69323	14661	
69325	11127	
69327	14656	
69629	25032	25032	
72788	21036	21036	
73575	10137	
73577	20998	20998	
