55733	23614	23621	1	23614	23621	
55761	45361	45534	45704	45707	1	45714	45370	
55838	44494	44609	44536	1	44494	44609	44536	
55866	10211	54773	46038	1	9521	54773	
55894	9650	44522	44599	44604	1	9648	44515	44522	44604	
55924	46801	19396	46414	1	41658	46419	41663	
55966	44555	44635	1	44555	44635	
56134	44891	45285	1	44905	45285	44891	9411	
56197	9991	46288	1	10012	46232	
56305	19378	41674	1	19385	41674	19346	
56342	46358	46351	46563	1	46563	46358	
56451	44710	44717	1	44724	44717	44731	
56458	10027	10037	10076	10198	1	10019	
56508	46654	46441	1	46654	46441	
56535	45653	45824	1	45639	45824	
56540	46253	46267	1	46641	46246	
56581	43767	43774	1	43764	43767	
56588	41623	46395	1	41618	41628	
56603	44958	45187	44972	1	44958	44972	45187	
56699	44433	44473	44440	1	44399	44433	
56738	9625	46059	46108	1	9524	46066	46115	
56802	45603	45770	45596	45589	1	45603	45589	9931	9683	45596	
56812	44672	44869	1	44869	
56910	44944	45166	44986	45117	1	45166	45117	44986	
57008	1	8770	
57061	45583	45756	1	45576	45763	
57104	8464	8770	1	8466	42896	46446	
57171	43717	44128	46094	46087	1	44128	46094	46080	
57227	45450	45608	45794	1	45450	45804	45608	9429	
57334	44993	45194	1	44993	45194	45450	
57422	44409	49104	49124	44416	1	40948	49104	
57562	41923	44563	44738	46668	1	41923	44746	46668	
57642	41895	54773	54885	1	41895	54773	54885	
57693	45031	45041	45053	45131	1	45041	45131	
57796	42450	42879	1	42879	42450	
57891	42461	1	42450	
57904	44454	44589	1	44577	46463	
58029	45095	44923	1	9604	44937	
58160	8483	43764	1	43764	
58274	45683	45954	1	45853	45674	
58307	45548	45735	45749	1	45548	45735	45749	
58337	45017	45024	45234	1	45234	45024	
58365	46170	46177	55304	1	46170	46177	
68938	516	1	
68940	1136	1	
68942	1236	1	
68945	1373	1	
68947	1513	1	
68949	1707	1	
68951	1764	1	
68953	2038	1	
68955	2078	1	
68957	2144	1	
68959	2171	1	
68961	2326	1	
68963	2532	1	
68965	2561	1	
68967	6974	1	
68969	7193	1	
68981	7312	1	
68984	7336	1	
68987	7629	1	
68989	8292	1	
68991	8294	1	
68994	8316	1	
68997	8319	1	
68999	8348	1	
69001	42349	1	
69003	9035	1	
69005	42903	1	
69008	42461	1	
69010	43774	1	
69012	8499	1	
69015	8520	1	
69017	8710	1	
69019	8711	1	
69021	8900	1	
69025	46863	1	
69031	1353	1	
69060	9828	1	
69062	10483	1	
69065	10718	1	
69067	10723	1	
69069	10749	1	
69071	10757	1	
69073	10772	1	
69075	10798	1	
69077	10825	1	
69079	10834	1	
69081	11023	1	
69083	11047	1	
69085	11073	1	
69087	11074	1	
69089	11123	1	
69091	11230	1	
69093	12758	1	
69095	12282	1	
69097	12285	1	
69099	12847	1	
69101	13258	1	
69103	14664	1	
69105	16633	1	
69107	594	1	
69109	17050	1	
69111	17181	1	
69113	17270	1	
69115	17280	1	
69117	768	1	
69119	7269	1	
69121	1208	1	
69123	9026	1	
69125	1329	1	
69127	9998	1	
69130	2645	1	
69132	16632	1	
69134	6939	1	
69136	7286	1	
69138	8428	1	
69140	8778	1	
69142	8946	1	
69144	12120	1	
69152	1	593	
69154	1	769	
69156	1	1167	
69158	1	1217	
69160	1	7596	
69162	1	12356	
69165	1	7250	
69167	1	7313	
69169	1	17023	
69171	1	12055	
69173	1	16615	
69175	1	17268	
69177	1	12117	
69180	1	13188	
69182	1	2560	
69184	1	16701	
69186	1	1766	
69188	1	16634	
69190	1	2525	
69192	1	2106	
69194	1	2534	
69196	1	2035	
69199	1	2176	
69201	1	2177	
69203	1	2196	
69205	1	2211	
69207	1	2137	
69209	1	2747	
69211	1	10481	
69213	1	10487	
69215	1	13189	
69217	1	12846	
69219	1	8269	
69221	1	8293	
69223	1	8313	
69225	1	8322	
69227	1	8326	
69229	1	10719	
69232	1	11022	
69234	1	11229	
69236	1	11097	
69238	1	41950	
69241	1	10758	
69243	1	10766	
69246	1	1297	
69248	1	1298	
69250	1	10832	
69252	1	10837	
69254	1	10816	
69256	1	8487	
69258	1	1557	
69260	1	9019	
69262	1	1499	
69264	1	1500	
69266	1	13574	
69268	1	9054	
69270	1	9055	
69272	1	9029	
69274	1	1706	
69276	1	8906	
69278	1	8770	
69280	1	8430	
69283	1	9825	
69285	1	9999	
69287	1	9997	
69289	1	1330	
69291	1	10484	
69293	1	10533	
69295	1	11106	
69297	1	11098	
69299	1	10720	
69301	1	10739	
69303	1	11068	
69305	1	691	
69307	1	694	
69309	1	6940	
69311	1	7287	
69313	1	6945	
69315	1	7270	
69317	1	1238	
69319	1	12355	
69321	1	11115	
69323	1	14661	
69325	1	11127	
69327	1	14656	
69629	25032	1	25032	
72788	21036	1	21036	
73575	1	10137	
73577	20998	1	20998	
