18703	-2007	1
3	
3	
18707	0	2
1	3	
1	3	
18716	0	2
3	1	
3	1	
18721	0	2
3	1	
3	1	
18740	0	2
3	1	
3	1	
18745	2	3
2	1	2	
3	2	2	
18752	1	2
2	3	
3	3	
19065	1	1
2	
2	
19067	1	1
3	
3	
19069	1	2
1	3	
1	3	
19072	1	3
1	1	2	
2	2	2	
19076	2	3
2	1	5	
2	2	5	
19080	1	4
1	4	2	1	
2	4	2	4	
19085	1	4
3	1	2	1	
3	2	3	2	
19090	1	4
2	1	1	1	
4	1	4	1	
19097	1	4
4	1	1	2	
4	2	4	2	
19104	1	4
2	1	1	1	
2	1	2	1	
19111	1	4
2	1	1	2	
2	2	2	2	
19118	1	4
3	1	1	1	
3	1	3	1	
19125	1	4
2	2	1	1	
2	1	2	1	
19132	1	4
4	1	1	2	
4	2	4	2	
19191	1	6
2	1	1	1	1	2	
2	2	1	2	1	2	
19201	1	4
2	1	1	2	
2	2	2	2	
19247	0	4
1	4	2	1	
2	4	2	4	
19252	0	2
2	2	
2	2	
19255	2	4
2	1	5	1	
5	2	5	2	
19312	1	2
2	4	
4	4	
19315	1	4
1	2	1	1	
2	2	2	2	
19318	1	2
2	2	
3	3	
19321	1	2
1	2	
1	2	
19324	2	4
3	1	1	3	
4	3	4	3	
19329	2	4
1	3	2	1	
2	3	2	3	
19334	0	2
2	1	
3	1	
19336	0	4
1	1	2	1	
1	2	1	2	
19341	0	4
2	1	1	2	
2	2	2	2	
19346	0	2
2	2	
2	2	
19349	0	4
1	2	2	1	
2	2	2	2	
19354	1	4
2	1	1	2	
2	2	2	2	
19359	1	4
2	1	1	2	
2	2	2	2	
19364	0	6
1	2	1	2	1	3	
2	2	3	2	2	3	
19371	-2007	1
2	
2	
19373	1	4
2	1	3	2	
3	2	2	3	
19378	1	8
1	1	1	2	1	1	1	2	
2	2	2	2	1	2	2	2	
19385	1	10
1	1	2	2	1	1	2	1	1	2	
2	2	2	2	2	2	2	2	2	2	
19396	0	2
2	2	
2	2	
19399	1	11
2	1	1	2	1	1	1	1	2	1	1	
2	2	1	2	2	2	2	2	2	1	2	
19411	0	4
2	3	2	3	
2	4	2	4	
19420	0	3
2	3	2	
3	4	4	
19424	0	2
4	2	
4	4	
19427	0	3
2	2	2	
3	4	4	
19596	1	4
3	1	1	1	
3	1	3	1	
19603	1	4
3	1	1	2	
3	2	3	2	
19642	0	5
2	3	2	3	2	
2	4	2	4	4	
20349	1	6
1	2	1	1	4	3	
3	2	4	2	4	3	
20496	1	2
4	3	
4	4	
20513	1	2
1	3	
2	4	
20520	0	2
2	3	
2	4	
20527	1	4
3	2	1	1	
3	2	3	2	
20585	0	2
1	3	
4	4	
20588	1	5
2	3	1	2	2	
2	3	2	3	4	
20594	1	4
3	3	1	2	
4	3	3	4	
20599	2	4
2	3	2	4	
4	3	3	3	
20604	0	2
2	4	
1	5	
20607	1	4
1	2	1	4	
2	5	2	5	
20612	2	8
2	3	1	3	2	4	2	1	
3	3	3	3	3	3	3	3	
20620	1	14
1	1	2	1	1	1	3	1	3	3	1	1	1	2	
1	1	2	3	1	2	3	2	5	3	2	3	5	5	
20633	2	6
2	2	2	2	3	3	
2	3	2	2	3	3	
20640	0	1
2	
2	
20642	1	5
3	3	1	1	3	
3	3	3	3	4	
20648	2	4
4	1	1	1	
4	2	1	2	
20652	2	5
1	3	2	1	2	
2	4	2	4	2	
20658	2	4
1	4	3	2	
4	5	4	5	
20663	2	4
1	4	2	1	
2	4	2	4	
20752	1	4
2	1	1	2	
3	2	3	2	
20813	1	4
4	1	1	2	
4	2	4	2	
20820	2	3
1	4	2	
3	4	3	
20826	1	2
2	1	
2	1	
20829	1	4
4	2	2	1	
5	2	5	2	
20836	1	5
2	2	2	1	2	
2	1	3	1	3	
20842	2	6
2	1	1	2	3	2	
2	1	4	2	4	2	
20848	1	6
3	1	1	4	2	2	
2	2	2	6	2	2	
20856	1	5
2	3	1	1	2	
2	3	3	2	3	
20862	1	6
2	1	2	2	1	1	
2	3	3	2	2	3	
20869	1	8
1	3	1	1	2	1	2	2	
2	5	1	2	2	1	2	6	
20876	2	10
2	4	2	1	2	3	1	1	1	2	
2	5	5	2	5	5	2	5	5	2	
20889	-2007	1
2	
2	
20891	1	4
1	1	1	6	
1	6	1	6	
20896	1	5
2	3	1	2	5	
2	4	6	4	6	
20901	1	4
1	1	6	1	
6	1	6	1	
20907	1	4
1	1	4	1	
4	1	4	1	
20912	1	6
2	1	4	1	4	1	
2	4	4	2	4	4	
20919	1	6
4	1	2	1	4	1	
4	4	2	4	4	2	
20926	1	4
4	1	1	1	
4	1	4	1	
20931	1	6
1	2	4	1	3	1	
3	2	4	4	3	2	
20938	1	4
3	1	1	1	
2	1	2	1	
20943	1	4
4	1	2	1	
5	2	5	2	
20948	1	4
4	1	1	2	
4	2	4	2	
20953	1	4
2	1	1	2	
2	2	2	2	
20958	1	14
1	1	2	1	1	1	3	1	1	1	1	1	1	2	
2	3	3	1	3	1	3	1	3	1	1	3	1	3	
20972	1	4
3	1	1	3	
3	2	3	2	
20977	0	3
3	3	2	
3	3	2	
20981	1	6
2	3	2	1	2	2	
2	3	4	2	3	4	
20988	2	9
2	2	1	2	3	1	3	1	2	
2	5	2	2	5	2	5	2	2	
20998	2	10
2	3	2	2	1	1	1	3	3	2	
3	3	3	2	2	4	3	3	3	2	
21009	1	5
3	1	2	3	1	
3	3	3	3	5	
21015	1	6
1	3	3	1	2	1	
3	3	3	3	3	3	
21022	1	4
2	2	1	2	
2	2	2	2	
21027	1	6
2	1	1	1	1	2	
2	2	2	1	2	2	
21036	1	5
3	3	1	3	1	
3	3	3	2	3	
21042	1	4
1	2	5	1	
5	2	5	2	
21047	1	3
2	1	4	
2	2	5	
21051	1	4
4	1	1	2	
4	2	4	2	
21056	1	7
1	1	2	2	1	1	2	
2	3	2	3	1	1	2	
21065	1	5
1	2	2	3	3	
3	2	3	3	3	
21071	1	2
2	2	
2	2	
21076	1	4
2	3	2	1	
2	3	2	3	
21081	1	5
1	3	1	3	3	
3	3	3	3	3	
21087	1	4
2	2	1	2	
2	2	2	2	
21092	1	6
1	4	1	1	1	2	
1	4	2	1	4	2	
21099	1	5
2	3	1	3	3	
3	4	3	3	3	
21105	1	3
1	4	2	
2	4	2	
21109	1	5
3	1	5	1	3	
3	3	5	3	3	
21115	1	2
1	2	
2	2	
21118	1	3
2	1	4	
2	2	4	
21122	1	4
2	3	3	3	
2	3	3	3	
21127	1	2
2	2	
2	2	
21130	1	4
3	1	2	3	
3	3	2	3	
21135	1	3
2	3	2	
2	3	2	
21139	1	5
3	1	3	1	3	
3	3	4	3	3	
21145	1	7
2	1	2	2	2	1	2	
4	2	4	2	2	2	2	
21153	1	2
3	4	
4	4	
21156	1	4
3	1	1	2	
3	2	3	2	
21161	1	4
1	1	2	1	
2	1	2	1	
21166	1	4
2	2	1	2	
2	2	2	2	
21171	2	10
1	3	4	1	1	2	2	1	3	2	
3	3	4	2	3	3	3	4	3	2	
21182	1	4
2	2	1	2	
2	2	2	2	
21199	0	2
2	3	
2	4	
21522	0	2
1	2	
2	2	
21560	0	2
2	1	
2	1	
21563	0	2
1	3	
3	3	
23043	1	2
4	2	
4	4	
23046	1	3
3	2	3	
4	3	4	
23050	0	2
2	3	
2	4	
23053	1	2
3	4	
4	4	
23056	1	3
2	3	2	
2	4	4	
23060	0	2
2	3	
3	4	
23063	1	2
3	4	
4	4	
23350	1	4
1	2	4	1	
4	2	4	2	
23357	1	4
1	2	3	1	
3	2	3	2	
23392	1	4
2	1	1	3	
4	2	4	2	
23399	1	4
2	1	1	4	
2	4	2	4	
23448	1	4
1	3	2	1	
2	3	2	3	
23505	1	4
2	1	1	3	
2	3	2	3	
23542	1	4
3	2	1	2	
3	3	3	3	
23549	1	4
3	1	1	2	
3	2	3	2	
23556	0	2
3	1	
3	1	
23559	1	4
3	1	1	2	
3	2	3	2	
23569	1	4
1	4	1	2	
1	4	1	4	
23577	1	4
4	1	1	1	
4	3	4	3	
23584	1	4
4	2	4	2	
4	4	4	4	
23593	0	2
1	4	
1	4	
23598	1	4
3	2	1	1	
4	4	4	4	
23605	0	2
1	4	
1	4	
23611	0	2
1	2	
1	2	
23614	1	4
1	2	1	2	
1	2	1	2	
23621	1	6
3	1	3	1	1	3	
3	3	3	3	3	3	
23630	1	2
1	2	
1	2	
25032	1	4
1	2	2	1	
2	2	2	2	
25181	0	1
2	
2	
26228	1	4
2	1	1	1	
2	3	2	3	
26410	1	4
1	3	2	1	
2	3	2	3	
39771	1	2
3	3	
4	4	
39774	0	1
5	
5	
39776	0	2
3	1	
3	3	
39779	0	1
2	
2	
39781	0	1
2	
2	
39783	0	1
2	
2	
40633	0	2
1	6	
1	6	
40636	0	2
1	6	
2	6	
40948	0	2
2	5	
5	5	
40951	0	2
1	5	
2	5	
40954	0	1
4	
4	
41113	0	2
4	1	
4	2	
41116	1	5
1	4	2	3	3	
3	4	3	3	3	
41125	1	2
3	4	
4	4	
41128	0	2
1	2	
1	2	
41131	0	1
2	
2	
41133	0	2
1	2	
2	2	
41136	0	1
2	
2	
41138	0	1
1	
1	
41321	1	6
1	1	1	2	1	4	
2	2	4	2	2	4	
41613	1	4
5	1	1	2	
5	2	5	2	
41618	1	4
2	1	1	2	
2	2	2	2	
41623	1	4
3	1	1	2	
3	2	3	2	
41628	1	4
1	2	2	1	
2	3	2	3	
41633	1	4
2	1	1	2	
2	2	2	2	
41638	0	4
1	2	2	1	
2	2	2	2	
41643	1	4
1	2	2	1	
2	2	2	2	
41648	1	4
2	1	1	2	
2	2	2	2	
41653	1	4
2	1	1	2	
2	2	2	2	
41658	1	4
1	2	2	1	
2	2	2	2	
41663	0	2
1	2	
2	2	
41666	1	4
1	2	2	1	
2	2	2	2	
41671	1	2
1	2	
2	2	
41674	1	6
1	2	2	1	2	1	
1	2	2	2	2	2	
41681	0	1
2	
2	
41683	1	2
3	1	
3	2	
41686	1	4
1	3	2	1	
2	3	2	3	
41691	1	4
3	1	1	2	
3	2	3	2	
41701	0	2
3	2	
3	3	
41709	1	4
3	1	1	2	
3	2	3	2	
41714	1	4
2	1	1	3	
2	4	2	4	
41729	1	4
1	2	1	1	
1	2	1	2	
41744	1	4
1	2	4	1	
4	2	4	2	
41754	1	4
2	1	1	4	
2	4	2	4	
41764	1	4
3	1	1	2	
3	2	3	2	
41769	1	4
2	1	1	3	
2	3	2	3	
41873	0	1
3	
3	
41875	0	1
3	
3	
41879	0	1
2	
2	
41881	0	1
2	
2	
41883	0	2
5	1	
5	1	
41886	0	1
2	
2	
41888	0	1
3	
3	
41890	0	1
3	
3	
41892	2	2
3	6	
6	6	
41895	1	3
2	5	2	
2	6	6	
41923	1	3
2	1	2	
2	2	2	
41927	0	3
1	2	1	
1	2	2	
41937	0	7
2	4	2	3	2	3	2	
4	6	3	4	6	6	3	
41945	0	1
1	
2	
41947	0	2
1	2	
1	2	
41950	2	4
1	1	1	5	
2	5	2	5	
41961	0	2
1	3	
3	3	
41964	0	2
1	3	
1	3	
41967	0	2
1	3	
1	3	
41970	1	6
3	1	1	1	1	3	
3	1	3	3	1	3	
41977	0	2
1	3	
1	3	
41979	0	2
1	3	
1	3	
41982	0	2
1	3	
1	3	
41985	0	4
1	3	1	1	
1	3	1	3	
42167	2	4
2	2	1	3	
2	2	2	2	
42175	1	4
2	3	2	1	
3	2	3	2	
42325	2	8
2	2	3	1	2	1	2	1	
4	3	3	3	4	4	3	3	
42341	0	2
1	4	
1	4	
42344	1	2
4	2	
4	4	
42349	1	2
4	1	
4	2	
42352	0	2
1	4	
1	4	
42355	1	2
4	2	
4	4	
42360	1	8
2	3	1	1	2	1	1	1	
2	3	2	3	2	2	3	2	
42393	1	8
1	2	1	2	1	1	1	2	
1	2	2	2	2	2	1	2	
42414	0	3
2	1	2	
2	1	2	
42450	1	6
1	1	1	3	1	1	
3	2	2	3	2	2	
42458	0	2
1	3	
1	3	
42461	0	2
1	3	
1	3	
42464	1	4
2	2	4	2	
4	4	4	4	
42875	1	2
2	4	
2	4	
42879	1	4
3	2	1	1	
5	3	5	3	
42886	1	3
3	1	2	
2	3	2	
42890	1	2
1	2	
1	2	
42893	1	2
3	2	
3	2	
42896	1	6
2	1	4	1	1	3	
3	1	4	3	4	3	
42903	0	2
1	3	
1	3	
42906	1	4
1	3	4	1	
5	5	5	1	
43706	1	5
1	1	2	2	1	
3	1	3	3	2	
43712	1	4
2	2	2	1	
2	2	2	2	
43717	1	6
1	2	2	3	1	1	
2	2	2	2	2	2	
43728	1	4
1	2	2	1	
2	2	2	2	
43758	0	2
3	2	
3	2	
43761	1	2
3	3	
3	3	
43764	0	2
3	1	
3	3	
43767	1	2
3	2	
3	3	
43772	0	1
3	
3	
43774	1	4
1	1	3	1	
3	2	3	2	
43781	0	2
1	3	
1	3	
43784	0	2
3	1	
4	1	
43795	1	4
2	1	1	2	
2	3	2	3	
44067	0	1
5	
5	
44093	1	5
2	2	1	2	1	
3	2	3	2	2	
44106	1	1
3	
3	
44109	1	2
2	2	
2	2	
44114	1	1
2	
2	
44125	1	1
2	
2	
44128	1	4
1	2	3	1	
3	3	3	3	
44279	1	4
1	1	2	2	
2	2	2	2	
44326	1	5
2	2	1	1	2	
2	2	2	2	2	
44335	0	2
2	2	
2	2	
44355	0	1
2	
2	
44358	1	3
2	1	2	
2	2	2	
44387	0	4
1	2	2	2	
2	2	2	2	
44392	1	4
1	2	4	1	
4	3	4	3	
44399	1	4
2	1	1	3	
3	3	3	3	
44406	-2007	2
4	4	
4	4	
44409	1	4
2	1	1	2	
2	2	2	2	
44416	1	4
2	2	5	1	
5	3	5	3	
44423	0	2
3	1	
2	2	
44426	1	4
1	4	2	1	
3	4	3	4	
44433	1	4
1	3	2	1	
2	3	2	3	
44440	1	4
1	2	3	1	
4	2	4	2	
44447	1	4
2	3	2	1	
3	4	3	4	
44454	0	2
2	4	
4	4	
44457	1	4
1	4	2	1	
2	4	2	4	
44464	1	6
1	4	2	4	4	1	
5	4	2	5	4	5	
44473	1	4
3	1	1	4	
3	4	3	4	
44480	1	4
4	1	1	3	
4	3	4	3	
44487	2	4
4	1	2	3	
4	4	4	4	
44494	2	4
3	2	1	4	
3	4	3	4	
44501	1	2
1	3	
1	3	
44506	1	2
1	3	
2	3	
44510	1	2
3	5	
5	5	
44515	1	4
3	1	1	3	
3	3	3	3	
44522	1	4
1	3	2	1	
3	3	3	3	
44529	1	4
3	1	1	4	
3	4	3	4	
44536	1	4
1	2	4	1	
4	3	4	3	
44543	0	4
2	1	1	1	
2	1	2	1	
44548	2	4
2	1	2	4	
2	5	2	5	
44555	1	4
1	1	1	1	
1	2	2	1	
44563	1	4
1	1	1	4	
2	4	2	4	
44570	0	4
1	2	2	1	
2	2	2	2	
44577	0	4
2	1	1	2	
2	2	2	2	
44582	1	4
1	2	3	1	
3	2	3	2	
44589	0	2
2	2	
2	2	
44592	1	4
2	1	1	5	
2	5	2	5	
44599	1	2
2	3	
3	3	
44604	1	2
2	1	
2	2	
44609	2	4
1	2	4	1	
4	2	4	2	
44616	1	4
2	1	1	4	
2	4	2	4	
44623	0	4
1	2	1	1	
1	2	1	2	
44628	1	4
1	2	5	1	
5	3	5	3	
44635	1	7
1	3	1	1	1	1	1	
1	3	1	1	3	3	1	
44647	1	8
4	1	3	1	2	1	1	2	
5	2	3	1	5	3	1	2	
44658	1	4
2	2	3	1	
4	2	4	2	
44665	1	4
1	4	3	1	
3	4	3	4	
44672	1	4
4	1	2	1	
4	2	4	2	
44679	1	4
1	4	2	1	
2	4	2	4	
44686	1	4
3	1	1	2	
3	2	3	2	
44693	1	14
1	1	1	1	1	1	1	1	3	1	1	3	1	1	
3	3	1	1	3	3	1	3	3	1	1	3	3	1	
44710	1	4
1	2	3	1	
3	2	3	2	
44717	1	4
2	1	1	2	
2	2	2	2	
44724	2	4
1	3	3	1	
3	3	3	3	
44731	1	4
1	3	2	1	
2	3	2	3	
44738	0	4
1	2	3	2	
2	2	2	2	
44743	0	2
2	1	
2	2	
44746	1	4
1	2	4	1	
4	2	4	2	
44753	0	4
2	1	1	2	
2	2	2	2	
44758	1	4
1	2	2	1	
2	2	2	2	
44765	1	4
2	1	1	3	
2	3	2	3	
44772	1	4
1	2	1	1	
2	2	2	2	
44779	1	4
1	3	5	1	
5	2	5	2	
44786	1	4
3	1	1	3	
3	3	3	3	
44793	1	4
1	3	3	1	
2	3	2	3	
44800	1	4
3	1	1	4	
3	4	3	4	
44807	1	4
1	4	3	2	
4	3	4	3	
44814	1	4
4	1	1	1	
4	1	4	1	
44821	1	4
2	1	1	5	
4	5	4	5	
44828	1	7
1	2	1	1	1	1	1	
1	2	1	2	1	1	2	
44838	1	4
2	1	1	4	
3	4	3	4	
44845	1	4
1	1	4	1	
4	2	4	2	
44852	2	5
3	3	1	3	1	
3	3	3	3	3	
44858	0	2
1	3	
1	3	
44862	1	4
1	1	1	2	
1	2	1	2	
44869	1	4
1	1	1	2	
1	3	1	3	
44877	1	4
1	1	2	1	
2	1	2	1	
44884	1	4
1	1	1	2	
1	2	1	2	
44891	1	4
1	1	2	1	
2	1	2	1	
44898	1	4
1	1	1	2	
1	2	1	2	
44905	1	8
1	1	1	1	1	1	3	1	
2	1	1	2	1	1	2	1	
44916	1	4
1	1	1	3	
1	3	1	3	
44923	1	4
2	2	3	1	
2	3	2	3	
44930	1	4
3	1	1	3	
3	3	3	3	
44937	1	4
1	3	1	1	
1	3	1	3	
44944	2	4
1	4	3	1	
3	4	3	4	
44951	1	4
4	1	1	4	
4	4	4	4	
44958	1	4
1	4	4	1	
4	4	4	4	
44965	1	4
4	1	1	1	
4	1	4	1	
44972	1	4
4	1	1	5	
4	5	4	5	
44979	1	4
2	3	5	1	
5	3	5	3	
44986	1	4
4	1	1	3	
4	3	4	3	
44993	1	7
1	4	1	1	1	1	2	
1	4	1	4	1	1	4	
45003	1	4
4	1	1	4	
4	4	4	4	
45010	1	4
1	4	4	1	
4	4	4	4	
45017	1	4
4	1	1	3	
4	2	4	2	
45024	1	4
1	4	2	1	
2	4	2	4	
45031	1	7
1	1	1	2	4	2	1	
2	4	4	4	4	2	4	
45041	1	7
1	2	1	1	2	2	3	
5	2	2	2	2	5	5	
45053	1	9
1	4	1	1	2	1	3	1	2	
2	4	2	3	2	4	3	4	2	
45066	1	4
3	1	1	2	
3	2	3	2	
45073	1	8
1	1	2	1	1	3	1	2	
1	3	2	2	1	3	2	2	
45084	2	7
1	3	1	1	3	2	1	
2	3	3	3	3	2	1	
45095	1	10
1	2	1	3	1	1	3	1	2	1	
3	3	3	3	3	2	3	3	3	2	
45109	1	5
2	3	1	1	3	
3	3	1	1	3	
45117	2	4
3	1	1	5	
3	5	3	5	
45124	1	4
2	1	1	1	
2	1	2	1	
45131	1	4
1	2	2	1	
2	2	2	2	
45138	1	4
2	1	1	4	
2	4	2	4	
45145	1	4
1	2	2	1	
2	2	2	2	
45152	2	4
2	1	1	3	
2	3	2	3	
45159	1	4
1	3	3	1	
3	4	3	4	
45166	1	4
4	1	2	2	
4	3	4	3	
45173	1	4
1	4	3	2	
4	4	4	4	
45180	1	4
4	1	1	4	
4	4	4	4	
45187	1	4
1	4	1	1	
1	4	1	4	
45194	1	4
1	4	5	1	
5	4	5	4	
45201	1	7
1	4	1	1	1	1	1	
1	4	1	1	4	4	1	
45213	1	4
1	4	4	1	
4	4	4	4	
45220	1	4
4	1	1	4	
4	4	4	4	
45227	1	4
1	4	2	1	
2	4	2	4	
45234	1	4
4	1	1	2	
4	2	4	2	
45241	1	4
1	4	2	1	
3	4	3	4	
45248	1	6
1	4	1	3	1	3	
3	4	3	3	4	3	
45257	1	4
4	1	1	2	
4	2	4	2	
45264	1	4
1	4	2	1	
2	4	2	4	
45271	1	4
4	1	1	2	
4	3	4	3	
45278	1	4
1	4	2	1	
2	4	2	4	
45285	1	4
4	1	1	2	
4	3	4	3	
45292	1	4
1	4	2	1	
3	4	3	4	
45299	1	4
4	1	1	3	
4	3	4	3	
45306	1	5
3	3	1	3	1	
3	3	3	3	3	
45312	1	4
4	1	1	2	
4	3	4	3	
45319	2	4
3	3	1	4	
3	3	3	4	
45324	1	4
4	1	1	2	
4	2	4	2	
45331	2	4
4	1	2	3	
5	4	5	4	
45338	1	4
2	2	4	1	
4	3	4	3	
45345	1	4
1	3	3	1	
4	3	4	3	
45352	1	6
2	4	3	2	1	2	
3	4	4	3	4	4	
45361	0	2
1	4	
1	4	
45364	1	4
4	1	1	2	
4	2	4	2	
45370	1	4
1	4	4	1	
4	4	4	4	
45377	1	4
4	1	1	2	
4	2	4	2	
45384	1	4
1	4	2	1	
3	4	3	4	
45391	1	4
4	1	1	3	
4	3	4	3	
45398	1	4
4	1	1	1	
4	1	4	1	
45405	1	4
1	4	4	1	
4	4	4	4	
45412	1	4
6	1	2	3	
6	4	6	4	
45419	1	4
2	5	3	2	
4	6	4	6	
45426	0	2
1	1	
1	1	
45429	1	3
1	6	1	
1	6	1	
45434	1	3
6	1	1	
6	3	2	
45440	0	2
1	1	
1	1	
45443	1	4
5	2	2	4	
6	5	6	5	
45450	1	7
1	6	1	1	1	1	1	
1	6	1	6	1	1	6	
45460	1	4
5	2	1	4	
6	4	6	4	
45467	1	4
1	6	4	1	
4	6	4	6	
45474	1	4
6	1	1	2	
6	2	6	2	
45481	1	4
1	6	2	1	
2	6	2	6	
45488	1	4
5	2	1	3	
6	3	6	3	
45495	1	6
1	6	1	1	3	3	
3	6	3	6	3	3	
45504	1	4
1	6	2	1	
2	6	2	6	
45511	1	4
6	1	1	2	
6	2	6	2	
45518	1	5
3	3	2	2	1	
3	4	4	3	3	
45524	1	4
1	6	2	1	
3	6	3	6	
45531	0	2
2	1	
2	2	
45534	1	4
2	1	1	4	
2	4	2	4	
45541	1	4
1	2	2	1	
2	2	2	2	
45548	1	4
2	1	1	2	
2	2	2	2	
45555	2	4
1	2	3	1	
3	2	3	2	
45562	1	4
1	2	1	1	
2	2	2	2	
45569	1	4
2	1	1	4	
3	4	3	4	
45576	1	4
1	3	3	1	
3	3	3	3	
45583	1	4
3	1	1	3	
3	3	3	3	
45589	1	4
1	3	4	1	
4	3	4	3	
45596	1	4
3	1	1	4	
3	4	3	4	
45603	0	4
1	3	1	1	
1	3	1	3	
45608	1	4
1	3	5	1	
5	3	5	1	
45615	1	7
1	3	1	1	1	1	1	
1	3	1	1	3	3	1	
45625	1	9
2	1	4	1	3	1	1	1	1	
2	3	4	2	3	1	4	3	1	
45639	1	4
1	3	4	1	
4	3	4	3	
45646	1	4
3	1	1	4	
3	4	3	4	
45653	1	4
1	3	2	1	
2	3	2	3	
45660	1	4
3	1	1	2	
3	2	3	2	
45667	1	4
1	3	3	1	
2	3	2	3	
45674	1	6
1	2	1	3	1	3	
3	2	3	3	2	3	
45683	1	4
2	1	1	2	
2	2	2	2	
45690	1	4
1	2	2	1	
2	3	2	3	
45697	1	4
3	1	1	2	
3	2	3	2	
45704	0	2
3	2	
3	3	
45707	1	4
2	1	1	2	
3	3	3	3	
45714	1	4
1	2	4	1	
4	2	4	2	
45721	1	4
2	1	1	2	
2	2	2	2	
45728	1	4
1	2	2	1	
2	2	2	2	
45735	1	4
2	1	1	3	
2	3	2	3	
45742	1	4
2	1	1	2	
2	2	2	2	
45749	1	4
1	2	4	1	
4	2	4	2	
45756	1	4
2	1	1	3	
2	3	2	3	
45763	1	4
1	2	3	1	
3	2	3	2	
45770	1	4
2	1	1	4	
2	4	2	4	
45777	1	4
1	2	4	1	
4	2	4	2	
45784	0	2
2	1	
2	2	
45787	1	4
2	1	1	5	
2	5	2	5	
45794	1	7
1	1	1	1	1	1	1	
1	2	1	2	1	1	2	
45804	1	9
4	1	2	1	1	1	2	1	1	
4	2	2	2	1	4	2	1	2	
45817	1	4
2	1	1	4	
2	4	2	4	
45824	1	4
1	2	4	1	
4	2	4	2	
45831	1	4
2	1	1	1	
2	2	2	2	
45839	1	4
1	2	2	1	
2	2	2	2	
45846	1	4
2	1	1	2	
2	2	2	2	
45853	1	4
1	2	2	1	
2	2	2	2	
45860	1	4
2	1	1	2	
2	2	2	2	
45867	1	4
1	2	2	1	
2	2	2	2	
45874	0	10
1	1	3	1	2	1	1	1	2	1	
2	1	3	3	3	2	1	1	2	2	
45884	1	5
1	5	2	1	1	
2	5	2	5	1	
45891	1	4
4	2	1	4	
5	4	5	4	
45899	1	4
1	5	2	1	
2	5	2	5	
45906	2	4
5	1	1	2	
5	2	5	2	
45913	1	4
1	5	2	2	
3	5	3	5	
45920	1	3
5	2	2	
5	3	5	
45926	2	4
5	1	1	4	
5	4	5	4	
45934	1	3
5	3	1	
5	3	5	
45940	1	4
5	1	1	3	
5	3	5	3	
45947	1	4
1	5	3	2	
4	5	4	5	
45954	1	6
1	2	1	1	3	3	
3	2	3	2	3	3	
45963	2	4
5	1	2	3	
5	4	5	4	
45970	1	6
5	1	2	2	1	1	
5	2	2	2	2	5	
45979	1	4
5	1	1	2	
5	2	5	2	
45986	1	7
4	2	1	1	2	1	1	
4	2	2	1	2	4	2	
45996	1	9
1	4	1	1	2	1	1	2	2	
2	4	2	5	2	2	2	2	2	
46008	1	6
5	1	2	4	1	1	
5	2	2	2	2	5	
46018	1	7
4	2	1	2	1	2	1	
5	2	2	2	5	2	2	
46031	1	4
3	1	1	4	
3	3	3	3	
46038	1	4
1	3	4	1	
4	3	4	3	
46045	1	4
3	1	1	2	
3	2	3	2	
46052	1	4
1	3	2	1	
2	3	2	3	
46059	1	4
3	1	1	3	
3	3	3	3	
46066	1	4
3	1	1	2	
3	2	3	2	
46073	1	4
1	3	3	1	
3	3	3	3	
46080	1	4
3	1	1	3	
3	2	3	2	
46087	1	4
1	3	3	1	
3	3	3	3	
46094	1	4
1	3	2	1	
2	3	2	3	
46101	1	4
2	1	1	3	
3	3	3	3	
46108	1	4
2	2	2	1	
2	3	2	3	
46115	1	4
1	2	3	1	
3	3	3	3	
46122	1	4
2	1	1	2	
2	2	2	2	
46129	1	4
2	1	1	2	
2	2	2	2	
46136	1	4
2	1	1	4	
2	4	2	4	
46143	0	4
1	2	2	1	
2	2	2	2	
46150	0	3
2	2	2	
2	2	2	
46156	1	4
2	1	1	3	
2	3	2	3	
46163	1	4
1	2	1	1	
2	2	2	2	
46170	1	4
2	1	1	2	
2	2	2	2	
46177	1	4
2	1	1	3	
2	3	2	3	
46184	1	4
1	2	2	1	
2	2	2	2	
46191	2	4
1	3	4	1	
4	4	4	4	
46198	1	4
3	1	1	2	
3	1	3	1	
46205	2	3
5	3	2	
5	4	5	
46211	1	4
3	1	1	2	
3	2	3	2	
46218	1	4
4	1	1	2	
4	2	4	2	
46225	1	4
1	4	2	1	
2	4	2	4	
46232	1	4
1	1	2	1	
2	1	2	1	
46239	1	4
3	1	1	2	
3	2	3	2	
46246	1	4
1	2	2	1	
2	2	2	2	
46253	1	4
3	1	1	2	
3	2	3	2	
46260	1	4
3	1	1	2	
3	2	3	2	
46267	1	4
2	1	1	2	
2	2	2	2	
46274	1	4
1	3	2	1	
2	3	2	3	
46281	1	4
3	1	1	2	
3	2	3	2	
46288	1	4
1	1	2	1	
2	1	2	1	
46295	1	4
1	1	1	2	
1	2	1	2	
46302	1	4
1	4	2	1	
2	4	2	4	
46309	1	4
1	2	4	1	
4	2	4	2	
46316	1	4
4	1	2	2	
4	2	4	2	
46323	1	4
1	4	2	1	
2	4	2	4	
46330	1	4
1	4	3	1	
4	4	4	4	
46337	1	4
4	1	1	2	
4	2	4	2	
46344	1	4
3	1	1	4	
3	4	3	4	
46351	1	4
1	3	3	2	
4	3	4	3	
46358	1	4
2	1	1	4	
2	4	2	4	
46365	1	4
2	1	1	3	
2	4	2	4	
46370	2	6
5	1	1	2	1	2	
5	2	1	2	1	5	
46377	1	8
3	3	2	2	1	2	1	1	
3	3	3	2	1	3	2	1	
46390	1	4
1	4	3	1	
3	4	3	4	
46395	1	4
1	2	2	1	
2	2	2	2	
46402	1	4
2	1	1	2	
2	2	2	2	
46409	1	4
1	2	2	1	
2	2	2	2	
46414	1	4
2	1	1	2	
2	2	2	2	
46419	1	4
1	2	2	1	
2	2	2	2	
46424	1	4
1	2	2	1	
2	2	2	2	
46431	1	6
4	1	2	1	1	3	
4	4	2	3	2	3	
46441	0	4
1	1	1	4	
2	1	2	4	
46446	1	4
1	5	4	2	
4	5	4	5	
46453	1	4
1	5	4	2	
4	5	6	5	
46460	0	2
2	2	
2	2	
46463	1	4
1	2	4	1	
4	2	4	2	
46470	1	4
1	4	2	1	
2	4	2	4	
46477	1	4
1	2	2	1	
2	2	2	2	
46484	1	4
1	2	2	1	
2	2	2	2	
46491	1	4
4	1	1	2	
4	2	4	2	
46498	2	4
2	3	5	1	
6	4	6	4	
46505	1	4
2	1	1	5	
2	5	2	5	
46512	1	4
1	2	5	1	
5	2	5	2	
46518	1	4
3	2	1	5	
3	5	3	5	
46525	1	4
2	2	5	1	
5	3	5	3	
46532	2	4
1	5	3	2	
2	5	2	5	
46539	1	8
2	3	1	1	3	3	1	5	
7	3	4	3	4	7	4	7	
46552	1	6
3	1	1	1	3	2	
3	5	2	3	5	2	
46563	1	4
1	2	4	1	
5	2	5	2	
46572	2	9
1	4	1	1	4	2	1	3	1	
3	4	2	1	3	4	4	4	2	
46592	1	6
2	1	2	1	1	4	
2	2	2	4	2	4	
46601	1	5
2	1	1	2	1	
2	2	2	2	1	
46607	0	3
1	3	1	
2	3	2	
46611	1	6
1	3	3	1	2	4	
3	3	3	3	5	5	
46624	1	14
1	1	1	1	1	1	1	1	2	1	1	2	1	1	
1	2	2	2	2	1	1	2	2	1	1	2	2	1	
46641	1	10
1	1	1	1	1	1	1	3	2	1	
2	3	1	1	2	3	2	3	2	3	
46654	1	5
1	2	2	1	4	
2	5	5	2	5	
46660	1	3
6	1	1	
5	2	1	
46663	1	4
3	1	1	3	
3	2	3	2	
46668	0	4
1	2	1	1	
1	2	1	2	
46673	1	2
3	5	
5	5	
46678	1	4
1	2	2	1	
2	2	2	2	
46685	1	4
1	4	1	1	
1	4	1	4	
46692	1	4
1	2	2	1	
2	2	2	2	
46699	1	3
1	2	1	
1	3	1	
46705	1	4
1	3	2	1	
2	3	2	3	
46712	1	4
1	2	2	1	
2	3	2	3	
46719	2	3
1	3	1	
1	4	1	
46725	1	4
1	3	2	1	
2	3	2	3	
46732	1	3
1	3	1	
1	3	1	
46738	1	4
1	4	2	1	
2	4	2	4	
46745	1	4
1	1	2	2	
2	1	3	2	
46751	1	5
1	4	1	1	1	
2	4	2	2	4	
46758	2	4
1	4	2	1	
2	4	2	4	
46765	1	4
1	2	2	1	
2	2	2	2	
46772	1	3
1	2	2	
2	2	2	
46778	1	4
1	2	2	1	
2	2	2	2	
46785	2	6
1	2	1	3	2	2	
3	2	2	3	2	2	
46794	1	4
1	2	2	1	
2	4	2	4	
46801	1	4
1	2	2	1	
1	2	1	2	
46808	2	3
1	4	2	
2	4	2	
46813	1	4
1	1	1	4	
1	4	1	4	
46820	1	2
3	2	
3	3	
46825	1	4
1	3	2	1	
2	3	2	3	
46832	1	4
1	2	2	1	
2	2	2	2	
46839	1	4
1	2	2	1	
2	3	2	3	
46846	2	4
1	3	2	1	
2	3	2	3	
46853	1	3
1	2	2	
2	2	2	
46857	1	5
1	3	2	3	3	
3	3	3	3	3	
46863	1	4
1	3	1	1	
1	4	1	4	
46870	1	4
1	3	1	1	
1	3	1	3	
46877	1	4
1	4	1	1	
1	4	1	4	
46884	1	4
1	4	1	1	
1	4	1	4	
46891	1	4
1	3	1	1	
1	3	1	3	
46898	1	4
1	2	1	1	
1	2	2	1	
46905	1	4
2	1	3	1	
3	1	3	1	
46911	1	4
1	2	3	1	
2	2	2	2	
46918	2	4
1	4	2	1	
2	4	2	4	
46925	1	4
5	1	1	1	
6	1	6	2	
46931	1	3
2	4	6	
1	6	6	
46937	1	4
1	6	1	3	
1	6	1	6	
46944	0	2
3	1	
2	1	
46947	2	10
1	1	2	3	1	2	4	3	2	2	
2	1	6	5	2	3	4	3	2	3	
46961	2	2
4	6	
3	6	
46966	1	5
2	1	3	4	2	
4	4	3	4	3	
48883	0	2
4	2	
4	4	
49104	0	2
1	3	
2	3	
49107	0	2
1	3	
3	3	
49110	1	4
1	5	3	1	
3	5	3	5	
49124	0	2
1	2	
1	2	
49151	1	4
2	1	1	1	
2	1	2	1	
49158	1	6
1	1	1	1	1	2	
1	2	2	1	2	2	
49169	1	2
1	3	
3	3	
49174	1	2
1	3	
2	3	
49180	2	16
1	2	1	1	3	2	1	1	3	2	1	1	1	1	2	1	
4	3	4	3	4	3	2	2	4	3	4	3	4	3	2	4	
49281	1	4
3	1	1	2	
3	2	3	2	
52319	1	4
5	1	2	2	
5	2	5	2	
54763	1	9
2	1	1	2	3	1	2	1	2	
5	5	1	4	5	1	4	1	5	
54773	1	8
1	2	2	1	1	3	1	3	
3	3	3	2	3	3	2	3	
54782	0	1
3	
3	
54784	1	4
1	4	2	1	
2	4	2	4	
54789	1	2
2	3	
3	3	
54792	1	7
1	2	1	2	1	3	1	
2	2	4	2	2	4	2	
54799	1	6
1	2	1	4	1	3	
4	2	3	4	2	3	
54806	1	4
1	2	1	3	
2	2	3	3	
54811	1	3
1	2	3	
3	2	3	
54815	1	4
2	2	3	1	
4	4	4	3	
54820	1	5
1	3	2	3	1	
3	4	3	3	4	
54826	1	6
3	2	1	5	4	1	
4	5	4	5	4	5	
54837	0	1
3	
3	
54839	1	9
3	1	1	1	1	3	1	2	1	
3	3	2	3	2	3	3	3	2	
54849	1	8
3	1	2	1	1	3	1	1	
3	3	3	3	3	3	3	3	
54858	1	6
3	1	1	1	1	3	
3	2	2	2	2	3	
54865	1	8
3	1	1	1	1	1	1	3	
3	3	3	3	3	3	3	3	
54874	1	10
1	1	2	2	1	1	3	1	1	3	
1	3	2	4	3	1	3	2	4	3	
54885	1	6
2	1	1	1	3	3	
3	3	3	3	3	3	
54969	0	2
1	2	
2	2	
54972	0	2
1	1	
2	1	
54981	1	5
1	2	1	2	5	
1	6	3	1	6	
54986	0	2
2	4	
2	6	
54989	1	4
1	4	2	4	
2	6	2	6	
54994	1	3
2	4	2	
4	6	6	
55299	0	4
2	1	1	2	
2	2	2	2	
55304	1	4
1	2	2	1	
2	2	2	2	
69623	0	2
1	1	
1	1	
73547	-2007	1
3	
3	