512	2	1039	12349	
513	1	16430	
514	2	10189	3136	
516	2	10001	8296	
593	0
594	1	16694	
595	1	16699	
596	1	597	
597	1	598	
598	1	1970	
599	1	600	
600	1	16695	
601	1	17254	
602	1	1814	
691	0
694	0
737	2	10028	10079	
738	2	13495	739	
739	2	740	1976	
740	1	741	
741	3	756	7287	16811	
742	1	741	
743	2	742	8276	
744	2	742	8276	
745	3	750	746	10187	
746	2	8273	744	
747	2	749	13414	
749	1	750	
750	2	9967	751	
751	2	8256	752	
752	1	767	
753	2	8272	766	
754	3	803	769	763	
755	3	756	7287	6940	
756	3	743	8258	757	
757	1	758	
758	1	765	
759	3	7270	6945	760	
760	1	761	
761	2	6940	16811	
762	2	1788	755	
763	2	7250	764	
764	2	759	753	
765	1	766	
766	1	754	
767	1	754	
768	2	7250	764	
769	0
803	2	8286	8293	
980	1	12077	
981	4	17009	17010	17014	3122	
982	1	10037	
983	3	10032	10068	9972	
989	2	17007	17008	
990	1	10063	
991	2	9571	10085	
992	2	9560	9883	
993	2	9582	10087	
994	2	9594	9885	
995	2	9610	10089	
996	2	9623	10090	
997	2	9640	9888	
998	2	9658	10092	
999	2	9670	9890	
1000	2	9686	10095	
1001	2	9697	9892	
1002	2	9936	1001	
1003	2	9951	10108	
1004	3	10206	9955	1008	
1005	1	10110	
1006	1	9949	
1008	2	9732	1006	
1009	1	70330	
1010	2	9948	17022	
1011	3	10111	9939	17021	
1012	2	9429	10169	
1013	2	10167	10168	
1014	2	9369	10162	
1015	2	9343	10159	
1016	2	9941	10112	
1017	2	9746	9893	
1018	2	9764	9895	
1019	2	10029	10080	
1020	1	9976	
1021	3	10139	9921	1024	
1022	1	1021	
1023	2	9781	1021	
1024	2	9780	1025	
1025	3	9922	9376	1027	
1026	1	10142	
1027	2	9781	1021	
1028	2	9773	10141	
1029	2	9770	10146	
1030	2	10189	3136	
1031	3	12832	1032	12844	
1032	2	9672	12841	
1033	3	12086	1034	12842	
1034	1	12837	
1035	2	13188	12836	
1036	3	12843	1035	12831	
1037	3	12351	1038	12830	
1038	3	12355	1238	12833	
1039	1	12354	
1040	3	512	1030	16430	
1041	2	1042	2023	
1042	1	2034	
1043	1	3141	
1044	3	3123	1045	9856	
1045	2	9733	10154	
1046	1	9919	
1047	1	9852	
1048	2	1046	1049	
1049	2	9322	17015	
1050	3	9919	1051	1047	
1051	3	9322	17015	10152	
1052	2	9755	10147	
1053	2	9348	9779	
1054	2	9796	10138	
1055	2	10185	9857	
1056	1	9881	
1057	1	9410	
1058	2	9812	10133	
1136	2	8597	8880	
1167	0
1208	1	8450	
1217	0
1236	1	1237	
1237	1	12834	
1238	0
1258	1	9644	
1259	2	9540	9626	
1260	1	9644	
1297	0
1298	0
1323	3	9831	9327	1326	
1324	2	9822	9353	
1325	3	1324	9831	9327	
1326	3	1328	9996	9836	
1327	3	9996	9836	1325	
1328	3	10002	9984	1330	
1329	3	1327	10002	9984	
1330	0
1353	1	8456	
1373	1	8466	
1499	0
1500	0
1513	3	8471	8764	8708	
1557	0
1706	0
1707	2	8483	8707	
1751	2	7596	602	
1764	1	16668	
1766	0
1787	1	755	
1788	1	16984	
1813	1	1974	
1814	1	16667	
1815	2	8284	13255	
1970	1	593	
1971	2	1766	1978	
1972	1	16667	
1973	1	16664	
1974	2	1977	1973	
1975	1	1974	
1976	1	16664	
1977	2	13495	739	
1978	1	16668	
1987	2	2176	1990	
1989	1	3191	
1990	2	1992	2696	
1992	2	2177	1993	
1993	2	16615	3127	
2012	2	2196	2013	
2013	2	2211	2014	
2014	2	2560	1043	
2021	1	3144	
2023	1	16442	
2024	1	981	
2034	2	17028	3121	
2035	0
2038	2	1992	2696	
2041	2	2042	2515	
2042	2	2043	2525	
2043	2	2135	2106	
2044	2	2136	2534	
2078	2	16631	16795	
2106	0
2135	2	16800	2044	
2136	2	16802	3171	
2137	0
2144	2	16634	2145	
2145	2	2146	2513	
2146	2	16631	16795	
2148	2	1989	17016	
2171	2	1989	17016	
2176	0
2177	0
2196	0
2211	0
2326	1	1987	
2487	1	2747	
2513	2	16796	2041	
2515	2	16634	2145	
2525	0
2532	2	16800	2044	
2534	0
2560	0
2561	2	3141	1041	
2645	2	2646	16804	
2646	2	2137	2647	
2647	2	16802	3171	
2696	2	3124	1044	
2716	2	16796	2041	
2747	0
2748	3	16442	2749	2021	
2749	2	2211	2014	
3121	2	2024	2748	
3122	1	9856	
3123	2	3127	3128	
3124	1	3127	
3125	3	16615	3127	3128	
3126	2	2012	16613	
3127	2	2487	2012	
3128	1	16613	
3136	1	2034	
3141	1	12352	
3144	1	512	
3171	1	9325	
3191	1	1987	
3205	4	17010	17014	3122	73054	
6939	4	761	743	8258	757	
6940	0
6945	0
6974	2	759	753	
7193	3	760	758	7270	
7250	0
7269	1	764	
7270	0
7286	2	761	743	
7287	0
7312	1	762	
7313	0
7336	1	602	
7596	0
7629	1	1814	
7807	2	10052	9952	
7808	1	9492	
8144	2	10481	10199	
8145	2	10533	10203	
8197	2	9615	9288	
8198	2	8197	11101	
8201	2	12353	1037	
8202	2	12839	1036	
8241	2	13232	13233	
8242	2	13236	8241	
8243	2	8242	8260	
8244	2	9942	8243	
8245	2	8244	8262	
8246	3	9959	8245	13249	
8247	2	8264	8246	
8248	2	8247	8267	
8249	2	8268	8248	
8250	2	8263	8251	
8251	3	13251	8252	13250	
8252	2	8253	8265	
8253	2	14913	8254	
8254	1	8270	
8255	1	8270	
8256	2	8255	8277	
8257	3	13245	8256	752	
8258	2	8257	8275	
8259	2	8242	8260	
8260	2	13242	8679	
8261	2	9942	8243	
8262	2	8263	8251	
8263	1	13239	
8264	2	9963	9802	
8265	2	8264	8246	
8266	2	8247	8267	
8267	2	14913	8254	
8268	2	9965	9817	
8269	0
8270	2	8268	8248	
8271	3	13246	9967	751	
8272	1	13245	
8273	2	8271	8274	
8274	2	8257	8275	
8275	4	758	7270	6945	760	
8276	5	13494	16671	8279	10034	10130	
8277	2	8286	8293	
8278	2	10030	10047	
8279	2	8281	8278	
8280	2	8325	10023	
8281	2	8282	737	
8282	1	13254	
8283	1	13256	
8284	2	8325	10023	
8285	2	13584	8269	
8286	1	8285	
8292	1	8285	
8293	0
8294	2	8295	8313	
8295	2	10001	8296	
8296	3	8297	694	691	
8297	2	10009	8298	
8298	2	10013	8299	
8299	2	8300	8322	
8300	2	10061	8301	
8301	2	8302	8326	
8302	1	16810	
8313	0
8316	2	10009	8298	
8319	2	10013	8299	
8322	0
8325	2	8302	8326	
8326	0
8338	2	10719	14063	
8342	2	11120	8344	
8343	2	11229	8346	
8344	2	17268	8343	
8345	2	9307	8342	
8346	2	11096	8350	
8348	2	11096	8350	
8349	1	11095	
8350	2	8144	9845	
8352	1	8353	
8353	2	10758	13217	
8354	3	13216	9944	9599	
8355	2	1298	8357	
8356	1	13229	
8357	1	13215	
8358	1	13212	
8359	2	10816	13214	
8428	2	8433	8625	
8430	0
8433	2	1557	8435	
8435	1	8436	
8436	2	8437	8780	
8437	2	1167	8438	
8438	1	8439	
8439	3	8782	16995	8623	
8441	2	9019	9284	
8443	2	16995	8623	
8445	1	8878	
8447	1	9285	
8448	1	8450	
8449	2	8785	8598	
8450	1	8454	
8452	1	8449	
8454	2	9029	8456	
8455	1	8452	
8456	2	8458	8681	
8457	2	8622	8455	
8458	2	9054	8462	
8459	1	8457	
8460	2	8756	8459	
8462	1	8464	
8464	2	9055	8465	
8465	1	8466	
8466	2	8521	8468	
8468	2	9050	8769	
8469	3	8471	8764	8708	
8471	1	8765	
8472	2	1500	8473	
8473	2	13574	8475	
8475	2	8476	16844	
8476	1	8477	
8477	1	8479	
8479	1	8481	
8481	1	8482	
8482	2	8483	8707	
8483	2	1706	8485	
8485	1	8486	
8486	2	8487	8489	
8487	0
8489	2	8810	13585	
8490	1	8888	
8491	1	8492	
8492	1	13585	
8494	2	8487	8489	
8497	1	8498	
8498	2	8888	8491	
8499	2	8497	8906	
8520	2	9050	8769	
8521	1	8770	
8597	2	8448	8785	
8598	1	8880	
8622	2	9530	8805	
8623	1	9545	
8625	1	13231	
8627	1	8779	
8679	1	8481	
8681	1	9935	
8707	3	8250	8261	13240	
8708	1	17005	
8710	1	16845	
8711	1	8479	
8756	1	9935	
8764	1	17004	
8765	2	1499	8472	
8769	1	8773	
8770	0
8773	1	7807	
8774	1	8436	
8778	2	8779	8433	
8779	1	8430	
8780	1	13417	
8781	1	8439	
8782	1	8441	
8784	1	8450	
8785	2	8784	16999	
8805	2	8452	8454	
8810	1	8490	
8878	1	8597	
8880	1	8447	
8888	1	8907	
8889	2	8888	8491	
8900	2	8490	8492	
8906	0
8907	2	8253	8265	
8946	3	8433	8625	8779	
9019	0
9026	2	8450	8449	
9029	0
9035	3	8782	16995	8623	
9050	1	8469	
9054	0
9055	0
9059	3	9071	8460	8464	
9071	2	10097	64751	
9072	2	8460	8464	
9073	1	7807	
9284	2	1217	8445	
9285	2	17043	8443	
9288	2	9627	9865	
9289	1	8202	
9290	1	17020	
9291	2	9863	9867	
9292	2	9660	9869	
9293	2	9601	9871	
9294	2	9902	9661	
9296	2	9297	9687	
9297	2	9698	9298	
9298	1	9706	
9299	2	10039	10043	
9300	1	9629	
9301	2	9300	9649	
9302	2	9662	9301	
9303	2	9302	9675	
9304	2	9688	9303	
9305	2	9304	9699	
9306	2	9305	9707	
9307	2	9308	9552	
9308	2	9574	9309	
9309	2	9310	9586	
9310	2	9603	9311	
9311	1	9312	
9312	2	9313	9630	
9313	1	9650	
9314	2	9676	9315	
9315	2	9316	9689	
9316	2	9700	9317	
9317	2	9708	9318	
9318	3	9719	9319	9718	
9319	2	10157	10156	
9320	2	9734	9321	
9321	2	10153	1048	
9322	2	9754	9323	
9323	2	9324	16794	
9324	2	9771	2716	
9325	2	9326	9823	
9326	4	1324	9831	9327	1326	
9327	2	9987	9995	
9328	2	14920	8349	
9329	2	9546	9328	
9330	2	9329	9565	
9331	2	9553	9330	
9332	2	9331	9575	
9333	2	9587	9332	
9334	2	9333	9604	
9335	2	9617	9334	
9336	2	9632	9335	
9337	2	9336	9651	
9338	2	9664	9337	
9339	2	9338	9678	
9340	2	9690	9339	
9341	2	9340	9701	
9342	2	9341	9710	
9343	3	9720	9342	9721	
9344	2	10158	10161	
9345	2	9344	9735	
9346	2	9753	9345	
9347	2	9770	10146	
9348	2	9347	9772	
9349	2	16797	1053	
9350	2	16799	9349	
9351	2	9350	9809	
9352	2	16801	9351	
9353	2	9352	9818	
9354	3	1323	9822	9353	
9355	2	9354	9832	
9356	2	9924	9576	
9358	2	9588	9356	
9359	2	9358	9605	
9360	2	9618	9359	
9361	2	9633	9360	
9362	2	9361	9652	
9364	2	9665	9362	
9365	2	9364	9679	
9366	2	9691	9365	
9367	2	9366	9702	
9368	2	9367	9711	
9369	3	9722	9368	9723	
9370	2	10160	10163	
9371	2	9370	9737	
9372	2	9751	9371	
9374	2	9372	9757	
9375	2	9769	9374	
9376	2	9375	9774	
9377	3	9780	1026	1025	
9378	2	9795	9377	
9379	2	9378	9808	
9380	2	9810	9379	
9381	2	9380	9819	
9382	2	9821	9381	
9383	2	9382	9834	
9384	2	9385	9548	
9385	2	9567	9386	
9386	2	9387	9556	
9387	2	9578	9388	
9388	2	9389	9590	
9389	2	9606	9851	
9390	2	9391	9634	
9391	2	9653	9392	
9392	2	9393	9666	
9393	2	9681	9395	
9395	2	9396	9692	
9396	2	9703	9397	
9397	2	9712	9398	
9398	3	9725	9399	9724	
9399	2	10166	10165	
9401	2	9738	9402	
9402	2	9403	9750	
9403	2	9758	9404	
9404	2	9405	9768	
9405	2	9775	9407	
9407	3	9783	9408	9782	
9408	2	9409	9797	
9409	2	10184	10186	
9410	2	9411	9811	
9411	2	9978	9979	
9412	2	10484	10202	
9413	2	9549	9412	
9414	2	9413	9568	
9416	2	9557	9414	
9417	2	9416	9579	
9418	2	9591	9417	
9419	2	9418	9607	
9420	2	9419	9620	
9421	2	9636	9420	
9422	3	9667	9933	9925	
9424	2	9422	9682	
9425	2	9693	9424	
9426	3	9928	9864	9931	
9427	2	9426	9713	
9429	3	9726	9427	9727	
9430	2	10167	10168	
9431	2	9430	9740	
9432	2	9749	9431	
9433	2	9432	9759	
9434	2	9767	9433	
9436	2	9434	10155	
9437	3	9785	9436	9786	
9438	2	9798	9437	
9440	2	9438	9806	
9441	2	9813	9440	
9442	2	9443	9558	
9443	2	9580	9444	
9444	2	9445	9592	
9445	2	9608	9446	
9446	2	9621	9447	
9447	2	9448	9637	
9448	2	9656	9449	
9449	2	9450	9668	
9450	2	9683	9451	
9451	2	9452	9694	
9452	2	9705	9453	
9453	2	9714	9454	
9454	3	9729	9455	9728	
9455	2	10172	10171	
9456	2	9741	9457	
9457	2	9458	9748	
9458	2	9760	9459	
9459	2	9460	9766	
9460	2	9776	9461	
9461	3	9788	9462	9787	
9462	2	9463	9799	
9463	2	9805	9464	
9464	2	9465	9814	
9465	2	9974	9977	
9466	2	10533	10203	
9467	1	9466	
9468	2	9467	9570	
9469	2	9559	9468	
9470	2	9469	9581	
9471	2	9593	9470	
9472	2	9471	9609	
9473	2	9472	9622	
9474	2	9638	9473	
9475	2	9474	9657	
9476	2	9669	9475	
9477	2	9476	9685	
9478	2	9695	9477	
9479	1	9478	
9480	2	9479	9715	
9481	3	9730	9480	9731	
9482	2	10173	10176	
9483	2	9482	9743	
9484	2	9747	9483	
9485	2	9484	9761	
9486	2	9765	9485	
9487	2	9486	9777	
9488	3	9789	9487	9791	
9489	2	9800	9488	
9490	2	9489	9804	
9491	2	9815	9490	
9492	4	9551	10084	9493	9550	
9493	2	991	9494	
9494	2	9496	992	
9496	2	993	9497	
9497	2	9499	994	
9499	2	995	9501	
9501	1	9502	
9502	2	9503	997	
9503	1	9504	
9504	2	9505	999	
9505	2	1000	9506	
9506	2	9936	1001	
9507	2	9509	1017	
9509	1	9510	
9510	2	9511	1018	
9511	2	9513	10207	
9513	2	9793	10192	
9514	2	10122	9515	
9515	1	9516	
9516	2	9518	9816	
9518	1	9971	
9519	2	13223	13221	
9520	2	9519	9572	
9521	2	9561	9520	
9522	2	9521	9583	
9523	2	9595	9522	
9524	2	9523	9611	
9526	2	9524	9624	
9527	2	9641	9526	
9528	2	9527	9659	
9530	2	9671	9528	
9531	2	10211	9563	
9532	2	9533	9596	
9533	2	9612	9534	
9534	2	9625	9535	
9535	2	9536	9642	
9536	2	16997	16998	
9537	2	9585	9538	
9538	1	9597	
9539	1	9597	
9540	2	9539	9613	
9541	2	9540	9626	
9542	2	13226	8353	
9543	2	9598	9542	
9544	2	9543	9614	
9545	2	9544	16996	
9546	2	9307	8342	
9547	2	9546	9328	
9548	3	9846	9547	9844	
9549	2	9385	9548	
9550	1	9466	
9551	2	13223	13221	
9552	2	10045	10046	
9553	2	9308	9552	
9555	2	9553	9330	
9556	4	9848	9555	10081	10082	
9557	2	9387	9556	
9558	2	9557	9414	
9559	2	9443	9558	
9560	2	9559	9468	
9561	2	10086	10099	
9563	2	9561	9520	
9564	2	10211	9563	
9565	3	9843	9566	9847	
9566	2	9567	9386	
9567	2	9413	9568	
9568	2	9569	9442	
9569	2	9467	9570	
9570	2	9882	10098	
9571	2	9519	9572	
9572	4	13224	10720	13219	9531	
9573	2	9574	9309	
9574	2	9331	9575	
9575	2	9924	9576	
9576	5	10181	9923	9577	9849	10182	
9577	2	9578	9388	
9578	2	9416	9579	
9579	2	9580	9444	
9580	2	9469	9581	
9581	2	9884	10100	
9582	2	9521	9583	
9583	2	9584	9532	
9584	2	9585	9538	
9585	2	13226	8353	
9586	2	10039	10043	
9587	2	9310	9586	
9588	2	9587	9332	
9589	2	9588	9356	
9590	3	9850	9589	9841	
9591	2	9389	9590	
9592	2	9591	9417	
9593	2	9445	9592	
9594	2	9593	9470	
9595	2	10088	10101	
9596	2	9595	9522	
9597	2	9533	9596	
9598	1	9597	
9599	2	9598	9542	
9600	2	9601	9871	
9601	2	9299	9602	
9602	2	9603	9311	
9603	2	9333	9604	
9604	2	9358	9605	
9605	4	9840	9606	9851	10083	
9606	2	9418	9607	
9607	2	9608	9446	
9608	2	9471	9609	
9609	2	9886	10102	
9610	2	9523	9611	
9611	2	9612	9534	
9612	2	9539	9613	
9613	2	9543	9614	
9614	2	9934	9945	
9615	1	8198	
9616	1	9873	
9617	1	9312	
9618	2	9617	9334	
9619	2	9618	9359	
9620	2	9621	9447	
9621	2	9472	9622	
9622	2	9887	10103	
9623	2	9524	9624	
9624	2	9625	9535	
9625	2	1259	1258	
9626	2	9544	16996	
9627	2	9291	9628	
9628	2	9853	9874	
9629	2	9874	9853	
9630	1	9629	
9632	2	9313	9630	
9633	2	9632	9335	
9634	2	9633	9360	
9635	2	9391	9634	
9636	2	9635	9838	
9637	2	9636	9420	
9638	2	9448	9637	
9640	2	9638	9473	
9641	2	10091	10104	
9642	2	9641	9526	
9644	2	9536	9642	
9645	2	9646	9289	
9646	2	9868	9647	
9647	2	9648	9294	
9648	2	9300	9649	
9649	1	9650	
9650	2	9336	9651	
9651	2	9361	9652	
9652	2	9653	9392	
9653	2	9837	9654	
9654	2	9421	9655	
9655	2	9656	9449	
9656	2	9474	9657	
9657	2	9889	10105	
9658	2	9527	9659	
9659	2	16997	16998	
9660	1	8202	
9661	2	9660	9869	
9662	2	9902	9661	
9663	2	9662	9301	
9664	2	9314	9663	
9665	2	9664	9337	
9666	2	9665	9362	
9667	2	9393	9666	
9668	3	9667	9933	9925	
9669	2	9450	9668	
9670	2	9669	9475	
9671	2	10094	10106	
9672	2	9292	9673	
9673	2	9674	9296	
9674	2	9302	9675	
9675	2	9676	9315	
9676	2	9338	9678	
9678	2	9364	9679	
9679	2	9681	9395	
9681	2	9422	9682	
9682	2	9683	9451	
9683	2	9476	9685	
9685	2	9891	10107	
9686	2	9530	8805	
9687	2	8201	9870	
9688	2	9297	9687	
9689	2	9688	9303	
9690	2	9316	9689	
9691	2	9690	9339	
9692	2	9691	9365	
9693	2	9396	9692	
9694	2	9693	9424	
9695	2	9452	9694	
9697	2	9695	9477	
9698	2	9304	9699	
9699	2	9700	9317	
9700	2	9340	9701	
9701	2	9366	9702	
9702	2	9703	9397	
9703	1	9929	
9704	2	9705	9453	
9705	1	9478	
9706	2	9305	9707	
9707	2	9708	9318	
9708	2	9341	9710	
9710	2	9367	9711	
9711	2	9712	9398	
9712	2	9426	9713	
9713	2	9714	9454	
9714	2	9479	9715	
9715	3	9946	10109	72127	
9717	2	9719	9319	
9718	2	17027	9306	
9719	2	9342	9721	
9720	2	9319	9718	
9721	2	9368	9723	
9722	2	9720	9342	
9723	2	9725	9399	
9724	2	9722	9368	
9725	2	9427	9727	
9726	2	9399	9724	
9727	2	9729	9455	
9728	2	9726	9427	
9729	2	9480	9731	
9730	2	9455	9728	
9731	2	9949	10053	
9732	2	9730	9480	
9733	2	9734	9321	
9734	2	9344	9735	
9735	2	9370	9737	
9737	2	9738	9402	
9738	2	9430	9740	
9740	2	9741	9457	
9741	2	9482	9743	
9743	2	9940	10113	
9744	2	10114	10205	
9746	2	9747	9483	
9747	2	9458	9748	
9748	2	9749	9431	
9749	2	9403	9750	
9750	2	9751	9371	
9751	2	9753	9345	
9753	2	10150	1050	
9754	2	10149	10151	
9755	2	9346	9756	
9756	2	9372	9757	
9757	2	9758	9404	
9758	2	9432	9759	
9759	2	9760	9459	
9760	2	9484	9761	
9761	2	9894	10116	
9762	2	8259	9956	
9763	2	10117	10118	
9764	2	9765	9485	
9765	2	9460	9766	
9766	2	9767	9433	
9767	2	9405	9768	
9768	2	9769	9374	
9769	2	10144	10148	
9770	2	9324	16794	
9771	2	9347	9772	
9772	2	10143	10145	
9773	2	9375	9774	
9774	2	9775	9407	
9775	2	9434	10155	
9776	2	9486	9777	
9777	2	9896	10119	
9778	2	9943	9958	
9779	4	10142	9376	9922	1027	
9780	2	16797	1053	
9781	1	9783	
9782	3	10139	9921	1024	
9783	2	9436	9786	
9785	2	9408	9782	
9786	1	9788	
9787	1	9785	
9788	2	9487	9791	
9789	2	9462	9787	
9791	2	9897	10121	
9792	1	9789	
9793	1	9960	
9794	2	9514	10120	
9795	2	16799	9349	
9796	2	9795	9377	
9797	2	10135	10140	
9798	2	9409	9797	
9799	2	9798	9437	
9800	2	9463	9799	
9801	2	9800	9488	
9802	4	10122	9515	9801	9898	
9803	2	8266	9964	
9804	2	9899	10124	
9805	2	9489	9804	
9806	2	9805	9464	
9807	2	9438	9806	
9808	5	10134	1056	10185	9857	9410	
9809	2	9378	9808	
9810	2	16801	9351	
9811	2	9810	9379	
9812	2	9411	9811	
9813	1	10136	
9814	2	9813	9440	
9815	2	9465	9814	
9816	2	9815	9490	
9817	2	10125	10126	
9818	2	9380	9819	
9819	2	9978	9979	
9820	2	9821	9381	
9821	3	1323	9822	9353	
9822	2	9326	9823	
9823	2	9824	16803	
9824	2	9826	9825	
9825	0
9826	2	9829	9827	
9827	2	9983	9997	
9828	2	9829	9827	
9829	2	9835	9830	
9830	4	1324	9831	9327	1326	
9831	2	9354	9832	
9832	2	9382	9834	
9834	2	10019	9981	
9835	2	9824	16803	
9836	2	9835	9830	
9837	2	9635	9838	
9838	3	10180	9839	9932	
9839	1	9840	
9840	2	9589	9841	
9841	1	9923	
9843	2	9547	9844	
9844	2	11095	8144	
9845	2	9846	9547	
9846	2	9566	9847	
9847	2	9848	9555	
9848	2	9577	9849	
9849	1	9850	
9850	2	9606	9851	
9851	2	9932	10180	
9852	1	3123	
9853	2	9863	9867	
9854	1	10194	
9855	1	9879	
9856	1	1046	
9857	1	9854	
9859	1	9877	
9861	1	9875	
9862	1	1047	
9863	1	8198	
9864	1	9425	
9865	2	9646	9289	
9866	2	9290	9600	
9867	2	9866	9616	
9868	2	9291	9628	
9869	2	9868	9647	
9870	2	9292	9673	
9871	1	9873	
9873	2	9874	9853	
9874	2	9648	9294	
9875	2	1028	9880	
9877	1	9862	
9878	1	1055	
9879	1	1056	
9880	1	1022	
9881	1	9920	
9882	1	9550	
9883	2	9882	10098	
9884	2	9560	9883	
9885	2	9884	10100	
9886	2	9594	9885	
9887	2	9886	10102	
9888	2	9887	10103	
9889	2	9640	9888	
9890	2	9889	10105	
9891	2	9670	9890	
9892	2	9891	10107	
9893	2	9940	10113	
9894	2	9746	9893	
9895	2	9894	10116	
9896	2	9764	9895	
9897	2	9896	10119	
9898	2	9792	10193	
9899	2	9801	9898	
9900	2	9899	10124	
9901	2	9816	9900	
9902	2	9674	9296	
9903	1	9912	
9904	1	17022	
9905	1	9909	
9906	2	1015	9910	
9907	1	17011	
9909	1	9907	
9910	2	1014	9903	
9911	2	10190	9905	
9912	1	9913	
9913	1	9916	
9914	2	9911	10191	
9915	1	9917	
9916	2	9481	9904	
9917	2	9456	9914	
9919	1	9861	
9920	2	1026	1025	
9921	1	9878	
9922	1	9859	
9923	1	10082	
9924	1	10204	
9925	1	9926	
9926	2	9421	9655	
9927	2	9837	9654	
9928	1	9929	
9929	1	9425	
9930	1	9425	
9931	2	9930	9704	
9932	2	9419	9620	
9933	1	9927	
9934	2	8356	13215	
9935	2	10096	1002	
9936	1	9937	
9937	2	1003	9950	
9939	1	9507	
9940	3	10175	9915	1010	
9941	2	13235	13238	
9942	2	9957	9763	
9943	2	8244	8262	
9944	2	9934	9945	
9945	2	13420	13416	
9946	1	9947	
9947	2	9697	9892	
9948	2	9732	1006	
9949	2	9946	10109	
9950	2	1004	1005	
9951	2	9954	17003	
9952	2	9954	17003	
9954	1	9059	
9955	2	10051	1011	
9956	2	9957	9763	
9957	2	9943	9958	
9958	3	9960	9962	9794	
9959	2	9962	9794	
9960	2	8245	13249	
9962	2	9963	9802	
9963	2	8266	9964	
9964	2	9965	9817	
9965	2	9969	9966	
9966	2	13414	10066	
9967	2	8249	10035	
9968	2	9969	9966	
9969	3	8249	10035	745	
9970	2	9901	10128	
9971	3	64715	10032	10068	
9972	1	9901	
9973	2	9491	9970	
9974	2	9491	9970	
9976	2	9974	9977	
9977	3	10036	10071	990	
9978	4	10132	9855	10195	10210	
9979	2	9980	9820	
9980	2	10019	9981	
9981	2	9982	10014	
9982	2	10021	10017	
9983	2	10002	9984	
9984	2	10000	9999	
9985	2	9986	10004	
9986	4	1328	9996	9836	1325	
9987	2	10007	9988	
9988	2	10006	10005	
9989	2	9990	10010	
9990	2	9993	9355	
9991	2	9992	9383	
9992	2	9993	9355	
9993	2	9987	9995	
9995	4	1328	9996	9836	1325	
9996	2	9983	9997	
9997	0
9998	2	10002	9984	
9999	0
10000	2	8295	8313	
10001	2	10003	9985	
10002	2	9986	10004	
10003	2	10000	9999	
10004	2	10007	9988	
10005	2	10003	9985	
10006	3	8297	691	694	
10007	2	9990	10010	
10008	2	10006	10005	
10009	2	10008	9989	
10010	2	9991	10015	
10011	2	10008	9989	
10012	2	9991	10015	
10013	2	10011	10012	
10014	2	9992	9383	
10015	2	10021	10017	
10016	2	10011	10012	
10017	2	10018	10016	
10018	2	8300	8322	
10019	2	10056	10027	
10020	2	9982	10014	
10021	2	10059	10024	
10022	2	10018	10016	
10023	2	10022	10060	
10024	1	10074	
10025	2	10075	10026	
10026	2	10020	10057	
10027	3	10077	10078	10076	
10028	2	10049	10025	
10029	2	10030	10047	
10030	2	10069	9973	
10031	1	10068	
10032	1	10033	
10033	2	13494	16671	
10034	2	10031	10131	
10035	2	8255	8277	
10036	2	10188	982	
10037	2	10049	10025	
10038	2	9980	9820	
10039	2	9293	10040	
10040	1	17020	
10041	2	9293	10040	
10042	2	10044	9573	
10043	2	10044	9573	
10044	2	10045	10046	
10045	1	11122	
10046	1	8344	
10047	2	10031	10131	
10048	2	8273	744	
10049	2	8283	8280	
10050	3	10111	9939	17021	
10051	1	17006	
10052	2	10206	1008	
10053	1	9952	
10054	2	17007	10050	
10055	3	10132	9855	10195	
10056	2	10038	10055	
10057	2	10056	10027	
10059	2	10020	10057	
10060	2	10059	10024	
10061	2	10022	10060	
10062	2	10038	10055	
10063	3	10197	10196	1020	
10065	2	10073	10062	
10066	1	983	
10068	2	10069	9973	
10069	3	10036	10071	990	
10071	3	10073	10062	10063	
10072	2	10062	10063	
10073	2	10188	982	
10074	2	8283	8280	
10075	1	10074	
10076	2	10075	10026	
10077	1	10072	
10078	2	1019	10037	
10079	2	10037	10198	
10080	2	8282	737	
10081	1	9843	
10082	1	9843	
10083	2	9390	9619	
10084	2	69622	69616	
10085	2	10086	10099	
10086	2	9582	10087	
10087	1	10088	
10088	2	9610	10089	
10089	2	9623	10090	
10090	1	10091	
10091	2	9658	10092	
10092	1	10094	
10094	2	9686	10095	
10095	1	10096	
10096	2	9072	10097	
10097	2	9951	10108	
10098	2	991	9494	
10099	2	9496	992	
10100	2	993	9497	
10101	2	9499	994	
10102	2	995	9501	
10103	2	996	9502	
10104	2	9503	997	
10105	2	998	9504	
10106	2	9505	999	
10107	2	1000	9506	
10108	1	10053	
10109	1	1003	
10110	1	1009	
10111	2	9941	10112	
10112	2	10114	10205	
10113	2	1016	9507	
10114	2	9762	10115	
10115	1	10117	
10116	3	9762	10115	9510	
10117	2	9778	9513	
10118	2	9511	1018	
10119	3	9778	9513	10207	
10120	3	10209	9792	10193	
10121	2	9793	10192	
10122	2	9803	10123	
10123	2	10125	10126	
10124	3	9803	10123	9516	
10125	2	9968	10127	
10126	3	9518	9816	9900	
10127	2	747	10178	
10128	3	9968	10127	9971	
10129	2	10068	9972	
10130	1	10129	
10131	4	10129	10048	10179	10033	
10132	2	9812	10133	
10133	1	10134	
10134	2	9796	10138	
10135	2	10184	10186	
10136	3	9854	1058	9879	
10137	1	10136	
10138	2	9780	1026	
10139	2	10135	10140	
10140	3	9878	1054	9920	
10141	1	1023	
10142	2	10143	10145	
10143	2	9770	10146	
10144	2	9773	10141	
10145	3	9859	1028	9880	
10146	2	10149	10151	
10147	2	10144	10148	
10148	3	9875	1029	9877	
10149	2	17015	10152	
10150	2	9755	10147	
10151	3	9862	1052	9861	
10152	2	3124	1044	
10153	1	10150	
10154	1	10153	
10155	2	9776	9461	
10156	4	9906	9320	17013	17011	
10157	2	9343	10159	
10158	2	9320	17013	
10159	2	9369	10162	
10160	2	10158	10161	
10161	3	9907	1015	9910	
10162	2	10166	10165	
10163	3	9909	1014	9903	
10164	2	10160	10163	
10165	3	9912	10190	9905	
10166	1	1012	
10167	2	9401	10164	
10168	2	9911	10191	
10169	2	10172	10171	
10170	1	1013	
10171	4	9916	9456	10170	9914	
10172	2	9481	10174	
10173	2	9456	10170	
10174	2	9948	17022	
10175	2	10176	10173	
10176	4	9917	9481	10174	9904	
10177	1	17006	
10178	2	10048	10179	
10179	1	13494	
10180	2	9390	9619	
10181	1	10204	
10182	1	10183	
10183	1	10083	
10184	2	9807	10137	
10185	2	9807	10137	
10186	2	1055	1057	
10187	2	13414	10066	
10188	2	10029	10080	
10189	1	9706	
10190	2	9401	10164	
10191	2	9429	10169	
10192	2	9514	10120	
10193	2	9897	10121	
10194	2	9976	10065	
10195	1	9441	
10196	1	10195	
10197	2	10132	9855	
10198	1	10072	
10199	2	10201	9384	
10201	1	10202	
10202	2	10487	8145	
10203	2	13315	14066	
10204	2	9555	10081	
10205	2	9509	1017	
10206	3	10177	10051	1011	
10207	1	10208	
10208	1	10209	
10209	1	9515	
10210	2	9976	10065	
10211	2	9584	9532	
10481	0
10483	2	10201	9384	
10484	0
10487	0
10533	0
10718	1	14063	
10719	0
10720	0
10723	5	10739	13218	9537	9564	13225	
10739	0
10749	1	8352	
10757	2	8353	13226	
10758	0
10766	0
10772	3	1297	8355	13229	
10798	2	13215	8356	
10816	0
10825	2	10816	13214	
10832	0
10834	3	13212	13419	13230	
10837	0
11022	0
11023	1	14065	
11047	2	8144	9845	
11068	0
11073	1	73546	
11074	1	7808	
11095	1	11097	
11096	1	11097	
11097	0
11098	0
11100	2	11098	14665	
11101	2	14669	11100	
11102	1	11104	
11104	2	17001	14666	
11105	2	17002	14671	
11106	0
11107	2	14659	11130	
11108	2	14659	11130	
11115	0
11120	2	17000	17018	
11121	2	17268	8343	
11122	5	17000	17018	11127	14656	11121	
11123	1	11133	
11127	0
11128	3	11115	14661	14658	
11129	1	11131	
11130	1	11102	
11131	1	11102	
11132	2	11129	11128	
11133	5	11121	17000	17018	11127	14656	
11229	0
11230	1	8346	
12055	0
12077	1	16988	
12078	1	12846	
12079	2	12055	14172	
12080	2	11098	14665	
12082	1	12842	
12084	1	12837	
12085	1	14173	
12086	1	14173	
12103	1	14667	
12117	0
12120	2	12085	1033	
12282	2	12352	1040	
12285	2	12834	1031	
12349	1	12830	
12351	1	513	
12352	2	12356	12354	
12353	1	514	
12354	3	12355	1238	12833	
12355	0
12356	0
12758	3	12085	1033	12117	
12830	1	12832	
12831	1	12086	
12832	1	12831	
12833	1	1237	
12834	2	13189	12835	
12835	2	13188	12836	
12836	2	12117	12085	
12837	2	9645	12838	
12838	2	12839	1036	
12839	1	12840	
12840	2	9672	12841	
12841	1	12353	
12842	1	12843	
12843	1	12844	
12844	1	12351	
12846	0
12847	1	12079	
13188	0
13189	0
13212	2	10837	8359	
13213	2	13419	13230	
13214	1	8627	
13215	2	10832	8358	
13216	2	1297	8355	
13217	2	10766	8354	
13218	1	8352	
13219	2	10739	13218	
13221	2	10720	13219	
13222	1	13221	
13223	2	14067	14062	
13224	1	13223	
13225	2	9531	13224	
13226	3	9537	9564	13225	
13227	1	13226	
13229	3	9944	9599	13227	
13230	1	8356	
13231	1	13213	
13232	3	989	10054	17006	
13233	2	13574	8475	
13234	2	13236	8241	
13235	2	13232	13233	
13236	2	13237	9744	
13237	2	8259	9956	
13238	2	13237	9744	
13239	1	13240	
13240	1	13242	
13242	2	13234	13243	
13243	2	13232	13233	
13244	1	13239	
13245	2	13246	9967	
13246	2	746	10187	
13249	1	13251	
13250	1	9959	
13251	2	13244	8494	
13252	2	8252	13250	
13253	2	1813	68076	
13254	2	738	13253	
13255	1	13256	
13256	1	13257	
13257	2	10028	10079	
13258	2	10061	8301	
13310	2	14068	14069	
13311	1	13312	
13312	1	13313	
13313	1	13314	
13314	1	13325	
13315	2	14064	14060	
13325	1	8338	
13414	2	8273	744	
13416	1	8781	
13417	2	13418	13421	
13418	2	8356	13215	
13419	1	8774	
13420	2	13418	13421	
13421	3	13230	13212	13419	
13494	2	740	1976	
13495	3	8279	10034	10130	
13574	0
13584	2	8497	8906	
13585	3	13252	13244	8494	
14059	1	8338	
14060	2	11068	14059	
14061	2	14064	14060	
14062	2	14070	14061	
14063	3	13222	14067	14062	
14064	1	11022	
14065	1	14059	
14066	1	13310	
14067	3	9551	10084	9493	
14068	1	9493	
14069	1	9550	
14070	1	13310	
14172	3	17023	12103	980	
14173	2	12078	16989	
14656	0
14658	4	11127	14656	11121	17000	
14659	3	11115	14661	14658	
14661	0
14664	1	11108	
14665	2	11106	11107	
14666	2	14669	11100	
14667	1	12080	
14669	1	11105	
14671	1	16988	
14913	2	8889	14914	
14914	2	13584	8269	
14920	1	8345	
16430	1	2023	
16442	1	3205	
16613	2	2749	2021	
16615	0
16631	2	2035	2148	
16632	2	2646	16804	
16633	2	2146	2513	
16634	0
16664	2	1787	16984	
16665	2	1751	1972	
16666	1	1971	
16667	2	16701	16666	
16668	1	16810	
16669	2	596	595	
16670	1	16669	
16671	1	16670	
16694	1	16695	
16695	2	16696	601	
16696	3	8279	10034	10130	
16699	1	599	
16700	1	16669	
16701	0
16794	2	2035	2148	
16795	2	9771	2716	
16796	2	9348	9779	
16797	2	2042	2515	
16799	2	2043	2525	
16800	2	9350	9809	
16801	2	2136	2534	
16802	2	9352	9818	
16803	2	2137	2647	
16804	2	9826	9825	
16810	2	1815	1975	
16811	1	1788	
16844	1	13234	
16845	2	13234	13243	
16984	2	7313	16665	
16988	2	16994	16990	
16989	2	12055	14172	
16990	3	12084	12082	14173	
16994	2	9627	9865	
16995	2	1260	9541	
16996	2	13420	13416	
16997	4	17043	8443	9019	9284	
16998	2	8784	16999	
16999	2	9671	9528	
17000	2	10042	10041	
17001	2	9290	9600	
17002	2	9615	9288	
17003	2	8466	9073	
17004	2	989	10054	
17005	2	989	17006	
17006	2	10052	9952	
17007	2	13235	13238	
17008	3	10111	9939	17021	
17009	2	10157	10156	
17010	1	9906	
17011	2	3125	3126	
17013	3	17014	3122	3125	
17014	2	9733	10154	
17015	1	3191	
17016	2	9754	9323	
17017	2	10042	10041	
17018	2	17017	11132	
17020	2	11129	11128	
17021	2	9915	1010	
17022	3	10177	10051	1011	
17023	0
17027	2	2024	2748	
17028	2	9306	9717	
17043	2	1260	9541	
17050	1	980	
17181	1	8486	
17254	1	16700	
17268	0
17270	2	14667	12077	
17280	1	16666	
64715	1	747	
64751	2	9937	64752	
64752	1	9947	
68076	2	8284	13255	
69616	1	9494	
69622	2	9571	10085	
70330	1	9939	
72127	1	9950	
73054	1	3125	
73546	1	13311	
