-1
-1
-1
-1
-1
0.427083	0.427083	0.510417	
0.510417	0.427083	
0.615385	
0.615385	
0.615385	0.615385	
0.000000	0.615385	0.615385	
0.384615	0.516484	0.516484	
0.461538	0.461538	0.472527	0.472527	
0.461538	0.461538	0.472527	0.472527	
0.384615	0.384615	0.549451	0.549451	
0.780220	0.780220	0.153846	0.153846	
0.384615	0.384615	0.549451	0.549451	
0.384615	0.384615	0.549451	0.549451	
0.384615	0.384615	0.549451	0.549451	
0.384615	0.384615	0.549451	0.549451	
0.461538	0.461538	0.472527	0.472527	
0.329670	0.329670	0.329670	0.604396	0.604396	0.604396	
0.593407	0.593407	0.340659	0.340659	
-1
-1
0.307692	0.307692	0.626374	0.626374	
0.260417	0.677083	
0.666667	0.666667	0.270833	0.270833	
0.296703	0.604396	
0.703297	0.703297	
0.549451	0.549451	0.384615	0.384615	
0.549451	0.549451	0.384615	0.384615	
-1
-1
-1
-1
-1
0.355556	0.355556	0.577778	0.577778	
0.444444	0.444444	0.488889	0.488889	
-1
-1
0.285714	0.285714	0.681319	0.648352	
0.472527	0.472527	0.472527	0.395604	0.395604	0.395604	0.395604	0.395604	
0.461538	0.461538	0.461538	0.461538	0.219780	0.219780	0.219780	0.219780	0.219780	0.219780	
-1
0.417582	0.483516	0.483516	0.483516	0.241758	0.241758	0.241758	0.208791	0.208791	0.208791	0.208791	
-1
-1
-1
-1
0.340659	0.340659	0.428571	0.428571	
0.428571	0.428571	0.516484	0.516484	
-1
0.522222	0.522222	0.522222	0.377778	0.377778	0.377778	
0.725275	0.208791	
0.708333	0.708333	
-1
0.439560	0.439560	0.450549	0.450549	
-1
0.615385	0.615385	0.780220	0.780220	0.351648	
0.659341	0.659341	0.197802	0.197802	
0.571429	0.571429	0.571429	0.241758	
-1
0.263736	0.263736	0.582418	0.582418	
0.494505	0.494505	0.494505	0.494505	0.494505	0.406593	0.406593	0.406593	
0.527473	0.527473	0.527473	0.527473	0.527473	0.527473	0.527473	0.527473	0.406593	0.406593	0.406593	0.406593	0.406593	0.000000	
0.340659	0.340659	0.626374	0.626374	0.626374	0.494505	
-1
0.428571	0.219780	0.219780	0.219780	0.219780	
0.230769	0.406593	0.406593	0.230769	
0.197802	0.197802	0.637363	0.637363	0.637363	
0.637363	0.637363	0.329670	0.329670	
0.307692	0.307692	0.593407	0.593407	
0.379310	0.379310	0.551724	0.551724	
0.417582	0.417582	0.516484	0.516484	
0.395604	0.395604	0.516484	
0.637363	0.000000	
0.483516	0.483516	0.318681	0.318681	
0.516484	0.384615	0.384615	0.516484	0.516484	
0.549451	0.549451	0.549451	0.549451	0.318681	0.318681	
0.681319	0.252747	0.252747	0.582418	0.582418	0.549451	
0.549451	0.549451	0.549451	0.252747	0.252747	
0.549451	0.549451	0.318681	0.549451	0.318681	0.318681	
0.549451	0.549451	0.549451	0.549451	0.549451	0.318681	0.318681	0.318681	
0.549451	0.549451	0.549451	0.318681	0.318681	0.318681	0.318681	0.318681	0.318681	0.549451	
-1
0.340659	0.340659	0.582418	0.582418	
0.175824	0.285714	0.109890	0.637363	0.637363	
0.142857	0.142857	0.758242	0.758242	
0.373626	0.373626	0.549451	0.549451	
0.395604	0.395604	0.395604	0.549451	0.549451	0.549451	
0.406593	0.406593	0.406593	0.538462	0.538462	0.538462	
0.538462	0.538462	0.384615	0.384615	
0.505495	0.505495	0.505495	0.461538	0.461538	0.461538	
0.461538	0.461538	0.505495	0.505495	
0.395604	0.395604	0.538462	0.538462	
0.307692	0.307692	0.593407	0.593407	
0.384615	0.384615	0.549451	0.549451	
0.197802	0.197802	0.197802	0.197802	0.197802	0.703297	0.703297	0.703297	0.186813	0.186813	0.186813	0.494505	0.494505	0.494505	
0.252747	0.252747	0.681319	0.681319	
-1
0.637363	0.637363	0.637363	0.263736	0.263736	0.263736	
0.241758	0.241758	0.428571	0.428571	0.428571	0.263736	0.263736	0.241758	0.241758	
0.593407	0.593407	0.593407	0.648352	0.208791	0.076923	0.208791	0.208791	0.307692	0.285714	
0.472527	0.472527	0.472527	0.428571	0.428571	
0.659341	0.659341	0.659341	0.263736	0.263736	0.263736	
0.681319	0.681319	0.252747	0.252747	
0.439560	0.439560	0.505495	0.505495	0.000000	0.505495	
0.505495	0.505495	0.439560	0.439560	0.439560	
0.384615	0.384615	0.549451	0.549451	
0.472527	0.472527	0.472527	
0.472527	0.472527	0.472527	0.472527	
0.549451	0.549451	0.285714	0.285714	0.285714	0.549451	0.549451	
0.351648	0.351648	0.351648	0.549451	0.549451	
0.351648	0.549451	
0.505495	0.505495	0.439560	0.439560	
0.505495	0.505495	0.505495	0.439560	0.439560	
0.505495	0.505495	0.439560	0.439560	
0.560440	0.560440	0.560440	0.373626	0.373626	0.373626	
0.494505	0.494505	0.494505	0.439560	0.439560	
0.538462	0.538462	0.406593	
0.384615	0.549451	0.549451	0.549451	0.384615	
0.703297	0.450549	
0.450549	0.450549	0.450549	
0.450549	0.450549	0.483516	0.483516	
0.450549	0.450549	
0.648352	0.000000	0.000000	0.648352	
0.318681	0.318681	0.615385	
0.615385	0.318681	0.318681	0.318681	0.615385	
0.285714	0.285714	0.285714	0.285714	0.285714	0.329670	0.329670	
0.322917	0.625000	
0.439560	0.439560	0.494505	0.494505	
0.384615	0.384615	0.549451	0.549451	
0.461538	0.461538	0.472527	0.472527	
0.296703	0.296703	0.000000	0.274725	0.274725	0.274725	0.274725	0.274725	0.296703	0.296703	
0.252747	0.252747	0.681319	0.681319	
-1
-1
-1
-1
0.625000	0.312500	
0.427083	0.510417	0.510417	
-1
0.458333	0.541667	
0.729167	0.729167	0.208333	
-1
0.208333	0.729167	
0.483516	0.483516	0.450549	0.450549	
0.428571	0.428571	0.505495	0.505495	
0.461538	0.461538	0.472527	0.472527	
0.439560	0.439560	0.494505	0.494505	
0.593407	0.593407	0.340659	0.340659	
0.483516	0.483516	0.450549	0.450549	
0.527473	0.527473	0.406593	0.406593	
0.582418	0.582418	0.351648	0.351648	
-1
0.582418	0.582418	0.351648	0.351648	
0.670330	0.494505	0.263736	0.263736	
0.637363	0.637363	0.296703	0.296703	
0.439560	0.230769	0.736264	0.230769	
-1
0.747253	0.747253	0.186813	0.186813	
-1
-1
0.571429	0.571429	0.296703	0.296703	
0.659341	0.296703	0.296703	0.296703	0.659341	0.659341	
0.637363	0.637363	
0.373626	0.373626	0.560440	0.560440	
-1
0.637363	0.637363	0.296703	0.296703	
0.582418	0.582418	0.351648	0.351648	
0.571429	0.362637	
-1
-1
-1
-1
-1
-1
-1
-1
-1
-1
-1
0.472527	0.472527	0.472527	0.472527	0.472527	
0.164835	0.274725	
-1
-1
-1
-1
-1
0.384615	0.384615	0.384615	0.549451	0.549451	0.549451	
0.555556	0.555556	0.377778	0.377778	
0.466667	0.466667	0.466667	0.466667	
0.488889	0.488889	0.444444	0.444444	
0.511111	0.511111	0.422222	0.422222	
0.444444	0.444444	0.488889	0.488889	
-1
0.466667	0.466667	0.466667	0.466667	
0.411111	0.411111	0.522222	0.522222	
0.400000	0.400000	0.511111	0.511111	
0.258824	0.258824	0.494118	0.494118	
-1
0.472527	0.472527	0.461538	0.461538	
0.670330	0.670330	
0.142857	0.142857	0.527473	0.527473	0.230769	0.230769	
-1
0.483516	0.483516	
0.637363	0.637363	0.296703	0.296703	
0.522222	0.522222	0.411111	0.411111	
-1
0.620000	0.620000	0.320000	0.320000	
0.351648	0.351648	0.582418	0.582418	
0.505495	0.505495	0.428571	0.428571	
0.373626	0.373626	0.560440	0.560440	
0.362637	0.362637	0.571429	0.571429	
0.637363	0.637363	0.296703	0.296703	
0.351648	0.351648	0.582418	0.582418	
-1
-1
-1
-1
-1
-1
-1
-1
0.440000	0.500000	
0.770000	0.770000	0.170000	
0.586207	0.586207	0.344828	
-1
-1
-1
-1
0.188889	0.188889	0.455556	0.455556	
-1
-1
-1
0.600000	0.329412	0.329412	0.329412	0.600000	0.600000	
-1
-1
-1
-1
0.244444	0.311111	0.377778	0.377778	
0.211111	0.211111	0.722222	0.722222	
0.611765	0.611765	0.611765	0.247059	0.247059	0.247059	0.247059	0.247059	
-1
0.623529	0.305882	
0.647059	0.647059	
-1
0.505882	0.388235	
0.341176	0.341176	0.341176	0.223529	0.223529	0.294118	0.000000	0.000000	
0.517647	0.517647	0.517647	0.517647	0.411765	0.411765	0.411765	0.411765	
-1
0.000000	0.000000	0.000000	0.522222	0.000000	0.522222	
-1
-1
0.355556	0.300000	0.000000	0.000000	
0.733333	0.733333	
0.488889	0.488889	0.444444	0.444444	
0.483516	0.417582	0.483516	
0.483516	0.483516	
0.483516	0.483516	
0.461538	0.461538	0.461538	0.241758	0.241758	0.241758	
-1
0.000000	0.318681	0.406593	0.406593	
0.186813	0.516484	0.516484	0.516484	0.516484	
0.483516	0.483516	0.417582	0.417582	
0.105882	0.282353	0.317647	0.329412	0.282353	0.282353	
0.647059	0.647059	0.647059	0.282353	
-1
0.366667	0.566667	
-1
0.700000	0.233333	
-1
0.300000	0.300000	0.633333	0.633333	
-1
-1
0.522222	0.522222	0.411111	0.411111	
-1
0.822222	0.822222	0.488889	0.488889	0.488889	
0.555556	
0.555556	0.000000	
0.488889	
0.635294	
0.635294	0.635294	0.294118	0.294118	
0.282353	0.282353	0.611765	0.611765	
0.466667	0.177778	0.177778	0.255556	0.255556	
-1
-1
0.277778	0.277778	0.000000	
-1
0.329670	0.329670	0.604396	0.604396	
0.549451	0.549451	0.384615	0.384615	
-1
0.466667	0.466667	0.466667	0.466667	
0.300000	0.300000	0.640000	0.640000	
-1
0.483516	0.483516	0.450549	0.450549	
0.582418	0.582418	0.351648	0.351648	
0.472527	0.472527	0.461538	0.461538	
0.588889	0.588889	0.344444	0.344444	
-1
0.505495	0.505495	0.428571	0.428571	
0.000000	0.472527	0.472527	0.472527	0.428571	0.428571	
0.307692	0.307692	0.626374	0.626374	
0.571429	0.571429	0.362637	0.362637	
0.461538	0.461538	0.472527	0.472527	
0.472527	0.472527	0.461538	0.461538	
0.659341	0.659341	
0.677778	0.677778	
0.384615	0.549451	
0.417582	0.417582	0.516484	0.516484	
0.417582	0.417582	0.516484	0.516484	
0.417582	0.417582	0.516484	0.516484	
0.417582	0.417582	0.516484	0.516484	
-1
0.252747	0.252747	0.681319	0.681319	
0.549451	0.549451	0.384615	0.384615	
0.388889	0.388889	0.544444	0.544444	
-1
-1
0.388889	0.388889	0.544444	0.544444	
-1
0.329670	0.329670	0.604396	0.604396	
0.252747	0.681319	
0.670330	0.670330	
0.351648	0.351648	0.582418	0.582418	
0.395604	0.395604	0.538462	0.538462	
-1
0.296703	0.296703	0.637363	0.637363	
0.500000	0.500000	0.500000	0.431818	0.431818	0.397727	0.397727	
0.571429	0.395604	0.395604	0.395604	0.395604	0.571429	0.571429	0.571429	
0.219780	0.219780	0.714286	0.714286	
0.648352	0.648352	0.285714	0.285714	
0.516484	0.516484	0.417582	0.417582	
0.527473	0.527473	0.406593	0.406593	
0.505495	0.505495	0.428571	0.428571	
0.000000	0.000000	0.000000	0.000000	0.000000	0.000000	0.000000	0.516484	0.516484	0.000000	0.000000	0.417582	0.417582	0.000000	
0.439560	0.439560	0.494505	0.494505	
0.395604	0.395604	0.538462	0.538462	
0.516484	0.516484	0.417582	0.417582	
0.428571	0.428571	0.505495	0.505495	
-1
-1
0.433333	0.433333	0.500000	0.500000	
-1
0.388889	0.388889	0.544444	0.544444	
0.388889	0.388889	0.544444	0.544444	
0.500000	0.500000	0.433333	0.433333	
0.384615	0.384615	0.549451	0.549451	
0.384615	0.384615	0.549451	0.549451	
0.472527	0.472527	0.461538	0.461538	
0.384615	0.384615	0.549451	0.549451	
0.395604	0.395604	0.538462	0.538462	
0.659341	0.659341	0.274725	0.274725	
0.428571	0.428571	0.505495	0.505495	
0.472527	0.472527	0.472527	0.461538	0.461538	0.461538	0.461538	
0.384615	0.384615	0.549451	0.549451	
0.417582	0.417582	0.516484	0.516484	
0.494505	0.494505	0.439560	0.439560	0.439560	
-1
0.505495	0.505495	0.428571	0.428571	
0.516484	0.516484	0.417582	0.417582	
0.560440	0.560440	0.373626	0.373626	
0.527473	0.527473	0.406593	0.406593	
0.494505	0.494505	0.439560	0.439560	
0.524272	0.524272	0.417476	0.417476	
0.000000	0.000000	0.000000	0.461538	0.461538	0.000000	0.472527	0.472527	
0.472527	0.472527	0.461538	0.461538	
0.633333	0.633333	0.300000	0.300000	
0.444444	0.444444	0.488889	0.488889	
0.600000	0.600000	0.333333	0.333333	
0.483516	0.483516	0.450549	0.450549	
0.483516	0.483516	0.450549	0.450549	
0.461538	0.461538	0.472527	0.472527	
0.659341	0.659341	0.274725	0.274725	
0.461538	0.461538	0.472527	0.472527	
0.318681	0.318681	0.615385	0.615385	
0.417582	0.417582	0.516484	0.516484	
0.527473	0.527473	0.527473	0.406593	0.406593	0.406593	0.406593	
0.472527	0.472527	0.461538	0.461538	
0.521277	0.521277	0.414894	0.414894	
0.549451	0.549451	0.384615	0.384615	
0.549451	0.549451	0.384615	0.384615	
0.377778	0.377778	0.377778	0.522222	0.522222	0.522222	0.522222	
0.277778	0.277778	0.277778	0.622222	0.622222	0.655556	0.622222	
0.477778	0.477778	0.477778	0.477778	0.455556	0.455556	0.455556	0.277778	0.277778	
0.600000	0.600000	0.333333	0.333333	
0.000000	0.500000	0.500000	0.500000	0.000000	0.433333	0.433333	0.433333	
0.377778	0.377778	0.377778	0.488889	0.488889	0.555556	0.555556	
0.500000	0.500000	0.433333	0.433333	0.433333	0.433333	0.500000	0.500000	0.500000	0.244444	
0.582418	0.582418	0.582418	0.351648	0.351648	
0.351648	0.351648	0.615385	0.615385	
0.655556	0.655556	0.277778	0.277778	
0.555556	0.555556	0.377778	0.377778	
0.433333	0.433333	0.500000	0.500000	
0.488889	0.488889	0.444444	0.444444	
0.555556	0.555556	0.377778	0.377778	
0.450549	0.450549	0.483516	0.483516	
0.483516	0.483516	0.450549	0.450549	
0.483516	0.483516	0.450549	0.450549	
0.472527	0.472527	0.461538	0.461538	
0.659341	0.659341	0.274725	0.274725	
0.483516	0.483516	0.450549	0.450549	
0.527473	0.527473	0.527473	0.406593	0.406593	0.373626	0.373626	
0.428571	0.428571	0.505495	0.505495	
0.505495	0.505495	0.428571	0.428571	
0.527473	0.527473	0.406593	0.406593	
0.538462	0.538462	0.395604	0.395604	
0.461538	0.461538	0.472527	0.472527	
0.582418	0.582418	0.582418	0.351648	0.351648	0.351648	
0.538462	0.538462	0.384615	0.384615	
0.538462	0.538462	0.296703	0.296703	
0.450549	0.450549	0.483516	0.483516	
0.483516	0.483516	0.450549	0.450549	
0.483516	0.483516	0.450549	0.450549	
0.560440	0.560440	0.373626	0.373626	
0.560440	0.560440	0.373626	0.373626	
0.472527	0.472527	0.461538	0.461538	0.461538	
0.384615	0.384615	0.219780	0.219780	
0.626374	0.626374	0.373626	0.373626	
0.472527	0.472527	0.461538	0.461538	
0.351648	0.351648	0.549451	0.549451	
0.329670	0.329670	0.571429	0.571429	
0.384615	0.384615	0.571429	0.571429	
0.604396	0.604396	0.604396	0.318681	0.318681	0.318681	
-1
0.611111	0.611111	0.322222	0.322222	
0.555556	0.555556	0.377778	0.377778	
0.566667	0.566667	0.366667	0.366667	
0.555556	0.555556	0.377778	0.377778	
0.522222	0.522222	0.411111	0.411111	
0.560440	0.560440	0.373626	0.373626	
0.554348	0.554348	0.380435	0.380435	
0.593407	0.593407	0.318681	0.318681	
0.615385	0.615385	0.285714	0.285714	
-1
0.681319	0.681319	0.681319	
0.604396	0.362637	0.362637	
-1
0.494505	0.494505	0.428571	0.428571	
0.562500	0.562500	0.562500	0.348214	0.348214	0.348214	0.348214	
0.450549	0.450549	0.450549	0.450549	
0.450549	0.450549	0.450549	0.450549	
0.450549	0.450549	0.450549	0.450549	
0.560440	0.560440	0.362637	0.362637	
0.527473	0.527473	0.395604	0.395604	
0.593407	0.593407	0.593407	0.307692	0.307692	0.307692	
0.615385	0.615385	0.285714	0.285714	
0.593407	0.593407	0.307692	0.307692	
0.681319	0.681319	0.252747	0.252747	0.252747	
0.648352	0.648352	0.274725	0.274725	
-1
0.388889	0.388889	0.544444	0.544444	
0.466667	0.466667	0.466667	0.466667	
0.533333	0.533333	0.400000	0.400000	
0.500000	0.500000	0.433333	0.433333	
0.522222	0.522222	0.411111	0.411111	
0.472527	0.472527	0.461538	0.461538	
0.450549	0.000000	0.483516	0.483516	
0.483516	0.483516	0.450549	0.450549	
0.461538	0.461538	0.472527	0.472527	
0.571429	0.571429	0.362637	0.362637	
-1
0.483516	0.483516	0.450549	0.450549	
0.472527	0.472527	0.472527	0.461538	0.461538	0.428571	0.428571	
0.428571	0.428571	0.428571	0.538462	0.538462	0.538462	0.538462	0.428571	0.428571	
0.466019	0.466019	0.475728	0.475728	
0.000000	0.505495	0.428571	0.428571	
0.538462	0.538462	0.395604	0.395604	
0.527473	0.527473	0.384615	0.384615	
0.483516	0.483516	0.450549	0.450549	
0.505495	0.505495	0.505495	0.395604	0.395604	0.395604	
0.428571	0.428571	0.505495	0.505495	
0.538462	0.538462	0.395604	0.395604	
0.494505	0.494505	0.439560	0.439560	
-1
0.388889	0.388889	0.544444	0.544444	
0.355556	0.355556	0.577778	0.577778	
0.544444	0.544444	0.388889	0.388889	
0.511111	0.511111	0.422222	0.422222	
0.555556	0.555556	0.377778	0.377778	
0.555556	0.555556	0.377778	0.377778	
0.472527	0.472527	0.461538	0.461538	
0.450549	0.450549	0.483516	0.483516	
0.483516	0.483516	0.450549	0.450549	
0.505495	0.505495	0.428571	0.428571	
0.417582	0.417582	0.516484	0.516484	
-1
0.470000	0.470000	0.470000	0.470000	
0.511278	0.511278	0.511278	0.263158	0.263158	0.263158	0.263158	
0.483516	0.000000	0.483516	0.483516	0.483516	0.450549	0.450549	0.450549	0.450549	
0.450549	0.450549	0.483516	0.483516	
0.428571	0.428571	0.505495	0.505495	
0.490000	0.490000	0.420000	0.420000	
0.505495	0.505495	0.428571	0.428571	
0.483516	0.483516	0.450549	0.450549	
0.505495	0.505495	0.428571	0.428571	
0.494505	0.494505	0.439560	0.439560	
0.626374	0.626374	0.307692	0.307692	
-1
0.582418	0.582418	0.351648	0.351648	0.000000	
0.516484	0.516484	0.417582	0.417582	
0.549451	0.549451	0.384615	0.384615	
0.549451	0.549451	0.384615	0.384615	
0.549451	0.549451	0.384615	0.384615	
0.549451	0.351648	0.351648	
0.472527	0.472527	0.461538	0.461538	
0.483516	0.329670	0.329670	
0.549451	0.549451	0.417582	0.417582	
0.505495	0.505495	0.439560	0.439560	
0.494505	0.494505	0.494505	0.439560	0.439560	0.439560	
0.593407	0.593407	0.307692	0.307692	
0.604396	0.604396	0.604396	0.296703	0.296703	0.296703	
0.582418	0.582418	0.351648	0.351648	
0.626374	0.626374	0.626374	0.626374	0.274725	0.274725	0.274725	
0.670330	0.670330	0.296703	0.296703	0.296703	0.296703	0.604396	0.604396	0.670330	
0.615385	0.615385	0.615385	0.318681	0.318681	0.318681	
0.714286	0.714286	0.714286	0.714286	0.219780	0.219780	0.219780	
0.594595	0.594595	0.297297	0.297297	
0.517647	0.517647	0.411765	0.411765	
0.517647	0.517647	0.411765	0.411765	
0.517647	0.517647	0.411765	0.411765	
0.517647	0.517647	0.411765	0.411765	
0.517647	0.517647	0.411765	0.411765	
0.529412	0.529412	0.400000	0.400000	
0.400000	0.400000	0.529412	0.529412	
0.635294	0.635294	0.294118	0.294118	
0.517647	0.517647	0.411765	0.411765	
0.352941	0.352941	0.576471	0.576471	
0.400000	0.400000	0.529412	0.529412	
0.400000	0.400000	0.529412	0.529412	
0.381443	0.381443	0.494845	0.494845	
0.352941	0.352941	0.576471	0.576471	
0.522523	0.522523	0.360360	0.360360	
-1
-1
0.381443	0.381443	0.494845	0.494845	
0.443299	0.443299	0.432990	0.432990	
0.381443	0.381443	0.494845	0.494845	
0.381443	0.381443	0.494845	0.494845	
0.494845	0.494845	0.381443	0.381443	
0.263736	0.263736	0.703297	0.703297	
0.570000	0.570000	0.310000	0.310000	
0.538462	0.395604	0.395604	
0.576471	0.576471	0.282353	0.282353	
0.571429	0.571429	0.362637	0.362637	
0.560440	0.560440	0.373626	0.373626	
0.549451	0.549451	0.384615	0.384615	
0.553398	0.553398	0.330097	0.330097	
0.527473	0.527473	0.406593	0.406593	
0.571429	0.571429	0.362637	0.362637	
0.516484	0.516484	0.417582	0.417582	
0.472527	0.472527	0.461538	0.461538	
0.604396	0.604396	0.329670	0.329670	
0.494505	0.494505	0.439560	0.439560	
0.472527	0.472527	0.461538	0.461538	
0.549451	0.549451	0.384615	0.384615	
0.560440	0.560440	0.373626	0.373626	
0.373626	0.373626	0.560440	0.560440	
0.626374	0.626374	0.307692	0.307692	
0.571429	0.571429	0.362637	0.362637	
0.571429	0.571429	0.362637	0.362637	
0.549451	0.549451	0.384615	0.384615	
0.362637	0.362637	0.571429	0.571429	
0.461538	0.461538	0.472527	0.472527	
0.439560	0.439560	0.494505	0.494505	
0.373626	0.373626	0.560440	0.560440	
0.615385	0.615385	0.615385	0.318681	0.318681	0.318681	
0.725275	0.725275	0.208791	0.208791	0.208791	0.208791	0.692308	0.692308	
0.373626	0.373626	0.560440	0.560440	
0.450549	0.450549	0.483516	0.483516	
0.450549	0.450549	0.483516	0.483516	
0.450549	0.450549	0.483516	0.483516	
0.417582	0.417582	0.516484	0.516484	
0.472527	0.472527	0.461538	0.461538	
0.461538	0.461538	0.472527	0.472527	
0.395604	0.538462	0.538462	0.538462	0.362637	0.362637	
-1
0.538462	0.538462	0.395604	0.395604	
0.483516	0.483516	0.450549	0.450549	
-1
0.344444	0.344444	0.588889	0.588889	
0.736264	0.736264	0.197802	0.197802	
0.411111	0.411111	0.522222	0.522222	
0.322222	0.322222	0.611111	0.611111	
0.688889	0.688889	0.244444	0.244444	
0.417582	0.417582	0.516484	0.000000	
0.274725	0.274725	0.626374	0.626374	
0.284091	0.284091	0.613636	0.613636	
0.329670	0.329670	0.571429	0.571429	
0.263736	0.263736	0.670330	0.670330	
0.659341	0.659341	0.274725	0.274725	
0.417582	0.164835	0.164835	0.417582	0.417582	0.417582	0.219780	0.219780	
0.318681	0.318681	0.318681	0.450549	0.450549	0.450549	
0.263736	0.263736	0.648352	0.648352	
0.230769	0.230769	0.230769	0.670330	0.670330	0.340659	0.329670	0.329670	0.329670	
0.549451	0.549451	0.384615	0.384615	0.549451	0.549451	
0.411111	0.411111	0.522222	0.522222	0.522222	
-1
0.769231	0.769231	0.164835	0.164835	0.274725	0.692308	
0.000000	0.000000	0.000000	0.000000	0.000000	0.000000	0.000000	0.505495	0.505495	0.000000	0.000000	0.406593	0.406593	0.000000	
0.000000	0.000000	0.000000	0.000000	0.000000	0.000000	0.505495	0.505495	0.428571	0.428571	
0.344444	0.344444	0.344444	0.588889	0.588889	
0.637363	0.362637	0.362637	
0.582418	0.582418	0.351648	0.351648	
-1
0.285714	0.648352	
0.351648	0.351648	0.549451	0.549451	
0.384615	0.384615	0.516484	0.516484	
0.351648	0.351648	0.549451	0.549451	
0.351648	0.351648	0.549451	
0.351648	0.351648	0.549451	0.549451	
0.351648	0.351648	0.549451	0.549451	
0.428571	0.428571	0.472527	
0.329670	0.329670	0.483516	0.483516	
0.417582	0.417582	0.516484	
0.428571	0.428571	0.538462	0.538462	
0.263736	0.000000	0.637363	0.637363	
0.450549	0.450549	0.450549	0.483516	0.483516	
0.362637	0.362637	0.538462	0.538462	
0.296703	0.296703	0.604396	0.604396	
0.285714	0.285714	0.648352	
0.274725	0.274725	0.626374	0.626374	
0.428571	0.428571	0.395604	0.395604	0.395604	0.527473	
0.285714	0.285714	0.615385	0.615385	
0.186813	0.186813	0.714286	0.714286	
0.285714	0.285714	0.615385	
0.725275	0.725275	0.175824	0.175824	
0.252747	0.681319	
0.461538	0.461538	0.472527	0.472527	
0.263736	0.263736	0.659341	0.659341	
0.439560	0.439560	0.505495	0.505495	
0.439560	0.439560	0.494505	0.000000	
0.285714	0.285714	0.648352	
0.461538	0.461538	0.461538	0.472527	0.472527	
0.395604	0.395604	0.538462	0.538462	
0.428571	0.428571	0.505495	0.505495	
0.505495	0.505495	0.428571	0.428571	
0.516484	0.516484	0.417582	0.417582	
0.505495	0.505495	0.395604	0.395604	
0.417582	0.417582	0.516484	0.516484	
0.329670	0.329670	0.637363	0.637363	
0.329670	0.329670	0.670330	0.670330	
0.395604	0.395604	0.384615	0.384615	
0.647059	0.647059	0.000000	0.000000	
0.000000	0.401786	0.491071	
0.539216	0.539216	0.343137	0.343137	
-1
0.208791	0.208791	0.208791	0.208791	0.516484	0.516484	0.516484	0.516484	0.208791	0.208791	
0.329670	0.604396	
0.329670	0.373626	0.373626	0.263736	0.263736	
-1
-1
-1
0.490000	0.490000	0.440000	0.440000	
-1
0.611111	0.611111	0.322222	0.322222	
0.566667	0.566667	0.566667	0.366667	0.366667	0.366667	
0.355556	0.577778	
0.611111	0.611111	
0.166667	0.166667	0.388889	0.388889	0.388889	0.388889	0.388889	0.388889	0.388889	0.388889	0.388889	0.388889	0.000000	0.000000	0.000000	0.166667	
0.366667	0.366667	0.533333	0.533333	
0.520000	0.520000	0.410000	0.410000	
0.433333	0.433333	0.433333	0.433333	0.433333	0.500000	0.500000	0.144444	0.144444	
0.352941	0.352941	0.352941	0.352941	0.541176	0.541176	0.541176	0.541176	
-1
0.555556	0.555556	0.366667	0.366667	
0.355556	0.577778	
0.681319	0.681319	0.252747	0.252747	0.252747	0.681319	0.681319	
0.411111	0.411111	0.411111	0.488889	0.488889	0.488889	
0.544444	0.544444	0.544444	0.388889	
0.388889	0.388889	0.511111	
0.233333	0.233333	0.700000	0.700000	
0.333333	0.333333	0.566667	0.600000	0.600000	
0.244444	0.244444	0.322222	0.355556	0.333333	0.333333	
-1
0.576471	0.352941	0.352941	0.352941	0.576471	0.576471	0.352941	0.352941	0.352941	
0.435294	0.000000	0.494118	0.494118	0.494118	0.435294	0.494118	0.494118	
0.600000	0.600000	0.600000	0.600000	0.600000	0.600000	
0.400000	0.247059	0.247059	0.247059	0.247059	0.494118	0.494118	0.400000	
0.258824	0.258824	0.258824	0.258824	0.258824	0.600000	0.600000	0.600000	0.600000	0.600000	
0.317647	0.317647	0.317647	0.317647	0.541176	0.541176	
-1
-1
0.330000	0.330000	0.440000	0.670000	0.670000	
-1
0.410000	0.410000	0.590000	0.590000	
0.730000	0.730000	0.270000	
-1
0.282353	0.282353	0.647059	0.647059	
-1
-1