  512 0
  513 2
  514 2
  516 2
  593 2
  594 2
  595 2
  596 2
  597 2
  598 2
  599 2
  600 2
  601 2
  602 2
  691 2
  694 2
  737 2
  738 2
  739 2
  740 2
  741 2
  742 2
  743 2
  744 2
  745 2
  746 2
  747 2
  749 2
  750 2
  751 2
  752 2
  753 2
  754 2
  755 2
  756 2
  757 2
  758 2
  759 2
  760 2
  761 2
  762 2
  763 2
  764 2
  765 2
  766 2
  767 2
  768 2
  769 2
  803 2
  980 2
  981 2
  982 1
  983 2
  989 2
  990 1
  991 2
  992 2
  993 2
  994 0
  995 0
  996 0
  997 0
  998 0
  999 0
 1000 2
 1001 2
 1002 2
 1003 2
 1004 2
 1005 2
 1006 1
 1008 1
 1009 1
 1010 2
 1011 1
 1012 1
 1013 2
 1014 2
 1015 2
 1016 2
 1017 1
 1018 1
 1019 1
 1020 1
 1021 1
 1022 1
 1023 1
 1024 1
 1025 1
 1026 1
 1027 1
 1028 1
 1029 1
 1030 0
 1031 2
 1032 2
 1033 2
 1034 2
 1035 2
 1036 2
 1037 2
 1038 2
 1039 2
 1040 0
 1041 0
 1042 0
 1043 0
 1044 1
 1045 1
 1046 2
 1047 2
 1048 1
 1049 2
 1050 2
 1051 2
 1052 2
 1053 1
 1054 1
 1055 1
 1056 1
 1057 1
 1058 1
 1136 2
 1167 2
 1208 2
 1217 2
 1236 2
 1237 2
 1238 2
 1258 2
 1259 2
 1260 2
 1297 2
 1298 2
 1323 2
 1324 2
 1325 2
 1326 2
 1327 2
 1328 2
 1329 2
 1330 2
 1353 2
 1373 2
 1499 2
 1500 2
 1513 2
 1557 2
 1706 2
 1707 2
 1751 2
 1764 2
 1766 2
 1787 2
 1788 2
 1813 2
 1814 2
 1815 2
 1970 2
 1971 2
 1972 2
 1973 2
 1974 2
 1975 2
 1976 2
 1977 2
 1978 2
 1987 1
 1989 1
 1990 1
 1992 1
 1993 2
 2012 2
 2013 2
 2014 0
 2021 0
 2023 0
 2024 0
 2034 0
 2035 1
 2038 2
 2041 1
 2042 1
 2043 1
 2044 1
 2078 2
 2106 1
 2135 1
 2136 2
 2137 2
 2144 2
 2145 1
 2146 1
 2148 1
 2171 2
 2176 1
 2177 2
 2196 2
 2211 0
 2326 2
 2487 2
 2513 1
 2515 1
 2525 1
 2532 2
 2534 2
 2560 0
 2561 2
 2645 2
 2646 2
 2647 2
 2696 1
 2716 1
 2747 2
 2748 0
 2749 0
 3121 0
 3122 2
 3123 1
 3124 1
 3125 2
 3126 2
 3127 2
 3128 2
 3136 0
 3141 0
 3144 0
 3171 2
 3191 1
 3205 2
 6939 2
 6940 2
 6945 2
 6974 2
 7193 2
 7250 2
 7269 2
 7270 2
 7286 2
 7287 2
 7312 2
 7313 2
 7336 2
 7596 2
 7629 2
 7807 2
 7808 2
 8144 2
 8145 2
 8197 2
 8198 2
 8201 2
 8202 2
 8241 1
 8242 1
 8243 2
 8244 2
 8245 2
 8246 2
 8247 2
 8248 2
 8249 2
 8250 2
 8251 2
 8252 2
 8253 2
 8254 2
 8255 2
 8256 2
 8257 2
 8258 2
 8259 1
 8260 1
 8261 2
 8262 2
 8263 2
 8264 2
 8265 2
 8266 1
 8267 2
 8268 2
 8269 2
 8270 2
 8271 2
 8272 2
 8273 2
 8274 2
 8275 2
 8276 2
 8277 2
 8278 2
 8279 2
 8280 2
 8281 2
 8282 2
 8283 2
 8284 2
 8285 2
 8286 2
 8292 2
 8293 2
 8294 2
 8295 2
 8296 2
 8297 2
 8298 2
 8299 2
 8300 2
 8301 1
 8302 1
 8313 2
 8316 2
 8319 2
 8322 2
 8325 2
 8326 1
 8338 2
 8342 2
 8343 2
 8344 2
 8345 2
 8346 2
 8348 2
 8349 2
 8350 2
 8352 2
 8353 2
 8354 2
 8355 2
 8356 2
 8357 2
 8358 2
 8359 2
 8428 2
 8430 2
 8433 2
 8435 2
 8436 2
 8437 2
 8438 2
 8439 2
 8441 2
 8443 2
 8445 2
 8447 2
 8448 2
 8449 2
 8450 2
 8452 2
 8454 2
 8455 2
 8456 2
 8457 2
 8458 2
 8459 2
 8460 2
 8462 2
 8464 2
 8465 2
 8466 2
 8468 2
 8469 2
 8471 2
 8472 2
 8473 2
 8475 2
 8476 2
 8477 2
 8479 2
 8481 2
 8482 2
 8483 2
 8485 2
 8486 2
 8487 2
 8489 2
 8490 2
 8491 2
 8492 2
 8494 2
 8497 2
 8498 2
 8499 2
 8520 2
 8521 2
 8597 2
 8598 2
 8622 2
 8623 2
 8625 2
 8627 2
 8679 2
 8681 2
 8707 2
 8708 2
 8710 2
 8711 2
 8756 2
 8764 2
 8765 2
 8769 2
 8770 2
 8773 2
 8774 2
 8778 2
 8779 2
 8780 2
 8781 2
 8782 2
 8784 2
 8785 2
 8805 2
 8810 2
 8878 2
 8880 2
 8888 2
 8889 2
 8900 2
 8906 2
 8907 2
 8946 2
 9019 2
 9026 2
 9029 2
 9035 2
 9050 2
 9054 2
 9055 2
 9059 2
 9071 2
 9072 2
 9073 2
 9284 2
 9285 2
 9288 2
 9289 2
 9290 2
 9291 2
 9292 2
 9293 2
 9294 2
 9296 2
 9297 2
 9298 2
 9299 2
 9300 2
 9301 2
 9302 2
 9303 2
 9304 2
 9305 2
 9306 0
 9307 2
 9308 2
 9309 2
 9310 2
 9311 2
 9312 2
 9313 2
 9314 2
 9315 2
 9316 2
 9317 2
 9318 2
 9319 0
 9320 2
 9321 1
 9322 2
 9323 2
 9324 2
 9325 2
 9326 2
 9327 2
 9328 2
 9329 2
 9330 2
 9331 2
 9332 2
 9333 0
 9334 0
 9335 0
 9336 2
 9337 2
 9338 2
 9339 2
 9340 0
 9341 0
 9342 0
 9343 2
 9344 2
 9345 1
 9346 1
 9347 1
 9348 1
 9349 1
 9350 1
 9351 1
 9352 2
 9353 2
 9354 2
 9355 2
 9356 0
 9358 0
 9359 0
 9360 0
 9361 0
 9362 0
 9364 0
 9365 2
 9366 2
 9367 2
 9368 2
 9369 2
 9370 1
 9371 1
 9372 1
 9374 1
 9375 1
 9376 1
 9377 1
 9378 1
 9379 1
 9380 2
 9381 2
 9382 2
 9383 2
 9384 2
 9385 2
 9386 2
 9387 0
 9388 0
 9389 0
 9390 0
 9391 0
 9392 0
 9393 0
 9395 0
 9396 2
 9397 2
 9398 2
 9399 1
 9401 1
 9402 1
 9403 2
 9404 2
 9405 2
 9407 1
 9408 1
 9409 1
 9410 1
 9411 1
 9412 2
 9413 2
 9414 0
 9416 0
 9417 0
 9418 2
 9419 0
 9420 0
 9421 0
 9422 0
 9424 2
 9425 2
 9426 2
 9427 2
 9429 2
 9430 2
 9431 1
 9432 1
 9433 2
 9434 1
 9436 1
 9437 1
 9438 1
 9440 1
 9441 1
 9442 2
 9443 0
 9444 0
 9445 2
 9446 2
 9447 0
 9448 0
 9449 0
 9450 0
 9451 0
 9452 2
 9453 2
 9454 2
 9455 2
 9456 2
 9457 2
 9458 1
 9459 1
 9460 1
 9461 1
 9462 2
 9463 2
 9464 2
 9465 1
 9466 2
 9467 2
 9468 0
 9469 2
 9470 2
 9471 2
 9472 2
 9473 2
 9474 0
 9475 0
 9476 0
 9477 2
 9478 2
 9479 2
 9480 1
 9481 1
 9482 2
 9483 2
 9484 1
 9485 1
 9486 1
 9487 2
 9488 2
 9489 2
 9490 2
 9491 2
 9492 2
 9493 2
 9494 2
 9496 2
 9497 2
 9499 0
 9501 0
 9502 0
 9503 0
 9504 0
 9505 0
 9506 2
 9507 2
 9509 1
 9510 1
 9511 1
 9513 2
 9514 1
 9515 1
 9516 1
 9518 1
 9519 2
 9520 0
 9521 0
 9522 2
 9523 2
 9524 2
 9526 2
 9527 2
 9528 2
 9530 2
 9531 2
 9532 2
 9533 2
 9534 2
 9535 2
 9536 2
 9537 2
 9538 2
 9539 2
 9540 2
 9541 2
 9542 2
 9543 2
 9544 2
 9545 2
 9546 2
 9547 2
 9548 2
 9549 2
 9550 2
 9551 2
 9552 2
 9553 2
 9555 2
 9556 0
 9557 0
 9558 0
 9559 0
 9560 0
 9561 0
 9563 2
 9564 2
 9565 2
 9566 2
 9567 2
 9568 2
 9569 2
 9570 2
 9571 2
 9572 2
 9573 2
 9574 2
 9575 2
 9576 2
 9577 0
 9578 0
 9579 0
 9580 0
 9581 2
 9582 2
 9583 0
 9584 2
 9585 2
 9586 2
 9587 2
 9588 0
 9589 0
 9590 0
 9591 0
 9592 2
 9593 2
 9594 2
 9595 2
 9596 2
 9597 2
 9598 2
 9599 2
 9600 2
 9601 2
 9602 2
 9603 2
 9604 0
 9605 0
 9606 0
 9607 2
 9608 2
 9609 2
 9610 0
 9611 2
 9612 2
 9613 2
 9614 2
 9615 2
 9616 2
 9617 0
 9618 0
 9619 0
 9620 0
 9621 0
 9622 2
 9623 0
 9624 2
 9625 2
 9626 2
 9627 2
 9628 2
 9629 2
 9630 2
 9632 0
 9633 0
 9634 0
 9635 0
 9636 0
 9637 0
 9638 2
 9640 0
 9641 2
 9642 2
 9644 2
 9645 2
 9646 2
 9647 2
 9648 2
 9649 2
 9650 2
 9651 2
 9652 0
 9653 0
 9654 0
 9655 0
 9656 0
 9657 0
 9658 0
 9659 2
 9660 2
 9661 2
 9662 2
 9663 2
 9664 2
 9665 0
 9666 0
 9667 0
 9668 0
 9669 0
 9670 0
 9671 2
 9672 2
 9673 2
 9674 2
 9675 2
 9676 2
 9678 2
 9679 0
 9681 0
 9682 0
 9683 0
 9685 0
 9686 2
 9687 2
 9688 2
 9689 2
 9690 2
 9691 2
 9692 2
 9693 2
 9694 2
 9695 2
 9697 2
 9698 2
 9699 2
 9700 2
 9701 0
 9702 2
 9703 2
 9704 2
 9705 2
 9706 0
 9707 2
 9708 2
 9710 0
 9711 2
 9712 2
 9713 2
 9714 2
 9715 2
 9717 0
 9718 0
 9719 0
 9720 0
 9721 0
 9722 2
 9723 2
 9724 1
 9725 1
 9726 2
 9727 2
 9728 2
 9729 2
 9730 1
 9731 1
 9732 1
 9733 1
 9734 1
 9735 2
 9737 1
 9738 1
 9740 2
 9741 2
 9743 2
 9744 1
 9746 1
 9747 2
 9748 1
 9749 1
 9750 2
 9751 1
 9753 1
 9754 2
 9755 2
 9756 1
 9757 1
 9758 2
 9759 1
 9760 1
 9761 1
 9762 1
 9763 1
 9764 1
 9765 1
 9766 1
 9767 2
 9768 2
 9769 1
 9770 1
 9771 1
 9772 1
 9773 1
 9774 1
 9775 1
 9776 1
 9777 1
 9778 2
 9779 1
 9780 1
 9781 1
 9782 1
 9783 1
 9785 1
 9786 1
 9787 2
 9788 2
 9789 2
 9791 2
 9792 2
 9793 2
 9794 1
 9795 1
 9796 1
 9797 1
 9798 1
 9799 2
 9800 2
 9801 1
 9802 1
 9803 1
 9804 2
 9805 2
 9806 1
 9807 1
 9808 1
 9809 1
 9810 1
 9811 1
 9812 1
 9813 1
 9814 1
 9815 2
 9816 1
 9817 1
 9818 2
 9819 2
 9820 1
 9821 2
 9822 2
 9823 2
 9824 2
 9825 2
 9826 2
 9827 2
 9828 2
 9829 2
 9830 2
 9831 2
 9832 2
 9834 2
 9835 2
 9836 2
 9837 0
 9838 0
 9839 2
 9840 0
 9841 0
 9843 2
 9844 2
 9845 2
 9846 2
 9847 2
 9848 2
 9849 0
 9850 0
 9851 0
 9852 2
 9853 2
 9854 1
 9855 1
 9856 1
 9857 1
 9859 1
 9861 2
 9862 2
 9863 2
 9864 2
 9865 2
 9866 2
 9867 2
 9868 2
 9869 2
 9870 2
 9871 2
 9873 2
 9874 2
 9875 1
 9877 1
 9878 1
 9879 1
 9880 1
 9881 1
 9882 2
 9883 0
 9884 2
 9885 2
 9886 0
 9887 0
 9888 0
 9889 0
 9890 0
 9891 0
 9892 2
 9893 1
 9894 1
 9895 1
 9896 2
 9897 2
 9898 1
 9899 1
 9900 1
 9901 2
 9902 2
 9903 2
 9904 1
 9905 1
 9906 2
 9907 2
 9909 2
 9910 2
 9911 2
 9912 1
 9913 2
 9914 2
 9915 2
 9916 2
 9917 1
 9919 2
 9920 1
 9921 1
 9922 1
 9923 0
 9924 2
 9925 0
 9926 0
 9927 0
 9928 2
 9929 2
 9930 2
 9931 2
 9932 2
 9933 0
 9934 2
 9935 2
 9936 2
 9937 2
 9939 1
 9940 2
 9941 1
 9942 2
 9943 1
 9944 2
 9945 2
 9946 2
 9947 2
 9948 1
 9949 2
 9950 2
 9951 2
 9952 2
 9954 2
 9955 1
 9956 1
 9957 1
 9958 1
 9959 2
 9960 1
 9962 1
 9963 1
 9964 1
 9965 1
 9966 1
 9967 2
 9968 1
 9969 1
 9970 2
 9971 1
 9972 2
 9973 2
 9974 1
 9976 1
 9977 1
 9978 1
 9979 1
 9980 1
 9981 1
 9982 1
 9983 2
 9984 2
 9985 2
 9986 2
 9987 2
 9988 2
 9989 2
 9990 2
 9991 2
 9992 2
 9993 2
 9995 2
 9996 2
 9997 2
 9998 2
 9999 2
10000 2
10001 2
10002 2
10003 2
10004 2
10005 2
10006 2
10007 2
10008 2
10009 2
10010 2
10011 2
10012 2
10013 2
10014 1
10015 2
10016 2
10017 2
10018 2
10019 1
10020 1
10021 2
10022 1
10023 2
10024 1
10025 2
10026 2
10027 1
10028 2
10029 1
10030 1
10031 1
10032 2
10033 2
10034 2
10035 2
10036 1
10037 1
10038 1
10039 2
10040 2
10041 2
10042 2
10043 2
10044 2
10045 2
10046 2
10047 1
10048 2
10049 2
10050 1
10051 1
10052 2
10053 2
10054 2
10055 1
10056 1
10057 1
10059 1
10060 1
10061 1
10062 1
10063 1
10065 1
10066 2
10068 2
10069 2
10071 1
10072 1
10073 1
10074 1
10075 2
10076 1
10077 1
10078 1
10079 2
10080 1
10081 2
10082 2
10083 0
10084 2
10085 2
10086 2
10087 2
10088 0
10089 0
10090 0
10091 0
10092 0
10094 0
10095 2
10096 2
10097 2
10098 2
10099 2
10100 2
10101 0
10102 0
10103 0
10104 0
10105 0
10106 0
10107 0
10108 2
10109 2
10110 1
10111 1
10112 1
10113 2
10114 1
10115 1
10116 1
10117 1
10118 1
10119 2
10120 1
10121 2
10122 1
10123 1
10124 1
10125 1
10126 1
10127 1
10128 2
10129 2
10130 2
10131 1
10132 1
10133 1
10134 1
10135 1
10136 1
10137 1
10138 1
10139 1
10140 1
10141 1
10142 1
10143 1
10144 1
10145 1
10146 1
10147 2
10148 1
10149 2
10150 2
10151 2
10152 2
10153 1
10154 1
10155 1
10156 2
10157 2
10158 2
10159 2
10160 2
10161 2
10162 2
10163 2
10164 1
10165 1
10166 1
10167 2
10168 2
10169 2
10170 2
10171 2
10172 2
10173 2
10174 1
10175 2
10176 2
10177 1
10178 2
10179 2
10180 2
10181 0
10182 0
10183 0
10184 1
10185 1
10186 1
10187 2
10188 1
10189 0
10190 1
10191 2
10192 2
10193 2
10194 1
10195 1
10196 1
10197 1
10198 1
10199 2
10201 2
10202 2
10203 2
10204 2
10205 1
10206 1
10207 2
10208 2
10209 2
10210 1
10211 2
10481 2
10483 2
10484 2
10487 2
10533 2
10718 2
10719 2
10720 2
10723 2
10739 2
10749 2
10757 2
10758 2
10766 2
10772 2
10798 2
10816 2
10825 2
10832 2
10834 2
10837 2
11022 2
11023 2
11047 2
11068 2
11073 2
11074 2
11095 2
11096 2
11097 2
11098 2
11100 2
11101 2
11102 2
11104 2
11105 2
11106 2
11107 2
11108 2
11115 2
11120 2
11121 2
11122 2
11123 2
11127 2
11128 2
11129 2
11130 2
11131 2
11132 2
11133 2
11229 2
11230 2
12055 2
12077 2
12078 2
12079 2
12080 2
12082 2
12084 2
12085 2
12086 2
12103 2
12117 2
12120 2
12282 2
12285 2
12349 2
12351 2
12352 0
12353 2
12354 2
12355 2
12356 2
12758 2
12830 2
12831 2
12832 2
12833 2
12834 2
12835 2
12836 2
12837 2
12838 2
12839 2
12840 2
12841 2
12842 2
12843 2
12844 2
12846 2
12847 2
13188 2
13189 2
13212 2
13213 2
13214 2
13215 2
13216 2
13217 2
13218 2
13219 2
13221 2
13222 2
13223 2
13224 2
13225 2
13226 2
13227 2
13229 2
13230 2
13231 2
13232 2
13233 2
13234 1
13235 1
13236 1
13237 1
13238 1
13239 2
13240 2
13242 2
13243 1
13244 2
13245 2
13246 2
13249 2
13250 2
13251 2
13252 2
13253 2
13254 2
13255 2
13256 2
13257 2
13258 2
13310 2
13311 2
13312 2
13313 2
13314 2
13315 2
13325 2
13414 2
13416 2
13417 2
13418 2
13419 2
13420 2
13421 2
13494 2
13495 2
13574 2
13584 2
13585 2
14059 2
14060 2
14061 2
14062 2
14063 2
14064 2
14065 2
14066 2
14067 2
14068 2
14069 2
14070 2
14172 2
14173 2
14656 2
14658 2
14659 2
14661 2
14664 2
14665 2
14666 2
14667 2
14669 2
14671 2
14913 2
14914 2
14920 2
16430 0
16442 0
16613 2
16615 2
16631 1
16632 2
16633 2
16634 1
16664 2
16665 2
16666 2
16667 2
16668 2
16669 2
16670 2
16671 2
16694 2
16695 2
16696 2
16699 2
16700 2
16701 2
16794 2
16795 1
16796 1
16797 1
16799 1
16800 1
16801 1
16802 2
16803 2
16804 2
16810 2
16811 2
16844 2
16845 2
16984 2
16988 2
16989 2
16990 2
16994 2
16995 2
16996 2
16997 2
16998 2
16999 2
17000 2
17001 2
17002 2
17003 2
17004 2
17005 2
17006 2
17007 1
17008 1
17009 2
17010 2
17011 2
17013 2
17014 2
17015 2
17016 1
17017 2
17018 2
17020 2
17021 1
17022 1
17023 2
17027 0
17028 0
17043 2
17050 2
17181 2
17254 2
17268 2
17270 2
17280 2
64715 2
64751 2
64752 2
68076 2
69616 2
69622 2
70330 2
72127 2
73054 2
73546 2