512	3	109.223913
513	3	129.668254
514	2	133.572478
516	2	47.649608
593	3	96.553539
594	3	43.877974
595	2	22.672782
596	3	18.506417
597	3	35.300203
598	3	21.037306
599	2	23.738966
600	2	33.958927
601	2	26.859787
602	2	19.596798
691	1	77.024545
694	2	102.524353
737	3	15.928455
738	1	73.631151
739	2	26.519531
740	2	12.320313
741	2	190.492467
742	2	112.744266
743	2	264.578317
744	2	109.977212
745	1	121.183085
746	2	116.814769
747	2	103.772864
749	2	22.310059
750	2	71.598962
751	2	102.831694
752	2	199.500811
753	4	10.620839
754	4	10.536194
755	2	163.274449
756	2	156.952075
757	2	127.965735
758	2	137.091270
759	2	145.306658
760	2	140.320832
761	2	152.689080
762	2	37.752076
763	4	9.634682
764	4	15.775749
765	2	18.341327
766	4	9.930209
767	2	18.210128
768	4	98.528671
769	4	99.019278
803	3	73.025389
980	3	15.475547
981	2	23.799363
982	3	23.914380
983	4	13.212406
989	1	42.801613
990	2	25.738087
991	2	9.350743
992	4	11.850832
993	2	12.363324
994	2	10.238232
995	3	13.004003
996	3	11.612558
997	4	11.456050
998	3	11.694383
999	3	10.849455
1000	4	11.970676
1001	4	10.358922
1002	4	9.550101
1003	6	10.436571
1004	6	19.379222
1005	2	17.247477
1006	3	13.286908
1008	3	10.110832
1009	2	14.460761
1010	2	11.709945
1011	6	20.044629
1012	2	51.476055
1013	2	31.779325
1014	4	6.465698
1015	3	6.050781
1016	4	9.445227
1017	4	11.413877
1018	2	9.599422
1019	3	26.202516
1020	2	27.425191
1021	5	18.119761
1022	3	40.693287
1023	2	55.604567
1024	4	21.839888
1025	5	31.417617
1026	2	33.692910
1027	3	19.481322
1028	3	9.052457
1029	2	8.345291
1030	5	11.542639
1031	5	9.035695
1032	4	6.403340
1033	3	8.134671
1034	2	8.409961
1035	3	7.804346
1036	3	8.716402
1037	4	13.557951
1038	4	12.485136
1039	1	6.326031
1040	5	11.621502
1041	4	7.724530
1042	2	6.056829
1043	2	6.212466
1044	4	11.328516
1045	3	8.685681
1046	3	46.196066
1047	3	30.081463
1048	2	13.122768
1049	2	12.544523
1050	3	6.243808
1051	4	6.604734
1052	3	8.589034
1053	1	16.051450
1054	3	10.030199
1055	3	36.977398
1056	3	19.377401
1057	4	10.497169
1058	3	10.503584
1136	1	17.831562
1167	1	46.812706
1208	1	23.761745
1217	1	36.301992
1236	1	92.785720
1237	2	15.277931
1238	4	44.759606
1258	1	113.519531
1259	2	56.944795
1260	3	62.644037
1297	1	43.415400
1298	1	13.750007
1323	1	158.509930
1324	1	158.852435
1325	1	158.852735
1326	1	158.510469
1327	1	158.852859
1328	1	158.510442
1329	1	150.527760
1330	1	150.266390
1353	1	51.338811
1373	1	97.172988
1499	1	131.904076
1500	1	154.648569
1513	1	107.951943
1557	1	110.985892
1706	1	32.258575
1707	1	108.518126
1751	2	25.130270
1764	3	68.910566
1766	3	63.739653
1787	3	59.331975
1788	3	61.152046
1813	3	15.482164
1814	3	22.426438
1815	2	30.877630
1970	3	14.247669
1971	4	26.627741
1972	4	13.939595
1973	4	28.709211
1974	4	10.691382
1975	4	17.641773
1976	2	137.980469
1977	2	138.479492
1978	4	14.865990
1987	4	35.748047
1989	4	112.148438
1990	4	33.757813
1992	4	18.447266
1993	4	77.135368
2012	2	36.761777
2013	2	124.782035
2014	2	89.208112
2021	3	101.055957
2023	3	103.523757
2024	2	155.907965
2034	2	89.734493
2035	1	35.805211
2038	1	94.666915
2041	4	21.008789
2042	3	94.709961
2043	3	50.549805
2044	3	104.479492
2078	2	45.599541
2106	1	110.735352
2135	3	47.809570
2136	3	101.250000
2137	2	109.219727
2144	2	34.989258
2145	2	21.628906
2146	4	82.809570
2148	4	109.369141
2171	1	27.882997
2176	1	91.265422
2177	1	99.164554
2196	1	141.715088
2211	1	89.066376
2326	2	91.819251
2487	2	8.017135
2513	2	110.583008
2515	3	108.102409
2525	2	105.485352
2532	2	44.081055
2534	2	40.668945
2560	2	52.673147
2561	4	47.045900
2645	2	100.314519
2646	2	104.840820
2647	2	105.865993
2696	4	37.846207
2716	4	92.771046
2747	2	153.369159
2748	3	8.227309
2749	3	8.926977
3121	2	10.801329
3122	3	135.600171
3123	3	128.755825
3124	2	121.231559
3125	5	18.128668
3126	3	23.689904
3127	3	16.964100
3128	3	17.453701
3136	2	55.872317
3141	2	69.599471
3144	3	61.916024
3171	3	73.988532
3191	4	14.951172
3205	3	35.531604
6939	2	104.417968
6940	2	110.571374
6945	1	95.164549
6974	5	92.374021
7193	1	91.089355
7250	2	75.648522
7269	2	75.307057
7270	2	98.440809
7286	2	117.445572
7287	2	98.144656
7312	2	91.422284
7313	2	169.428571
7336	2	160.493726
7596	3	126.138288
7629	3	118.523959
7807	3	84.533713
7808	3	114.379883
8144	6	71.272341
8145	6	106.491211
8197	2	37.659672
8198	5	86.441141
8201	4	12.998754
8202	4	8.600561
8241	4	104.174804
8242	3	101.379883
8243	3	100.559570
8244	2	99.449219
8245	2	97.490234
8246	2	97.230469
8247	2	102.770508
8248	2	101.660156
8249	2	105.281250
8250	2	106.262858
8251	2	100.000000
8252	2	96.110352
8253	2	97.219727
8254	2	109.015627
8255	2	111.669765
8256	2	91.269531
8257	2	109.541016
8258	2	82.889648
8259	2	105.270508
8260	2	73.329041
8261	2	116.669922
8262	2	107.779785
8263	2	36.245076
8264	2	108.339844
8265	2	104.866222
8266	2	107.229980
8267	2	111.110352
8268	2	110.279785
8269	2	95.000000
8270	2	115.000000
8271	2	112.229851
8272	3	199.833139
8273	2	110.519531
8274	2	110.836914
8275	2	81.118374
8276	2	59.371094
8277	2	233.889648
8278	2	93.060547
8279	3	96.109863
8280	3	99.450195
8281	3	14.175990
8282	2	56.394472
8283	2	111.695250
8284	2	173.335364
8285	3	104.439453
8286	3	104.906738
8292	2	100.549805
8293	2	73.116325
8294	2	105.408203
8295	2	100.830078
8296	2	104.859375
8297	2	115.641602
8298	2	96.669922
8299	2	103.329590
8300	2	106.120924
8301	2	107.134817
8302	2	158.062500
8313	4	107.770508
8316	1	111.229397
8319	4	108.050200
8322	4	112.101983
8325	3	106.110352
8326	3	103.895523
8338	6	18.683581
8342	2	174.541410
8343	2	152.917556
8344	2	15.519192
8345	2	100.632591
8346	2	160.902934
8348	5	201.831532
8349	2	28.329749
8350	5	31.753175
8352	3	50.574952
8353	3	19.339885
8354	3	12.760905
8355	3	40.119805
8356	3	103.852482
8357	3	53.850725
8358	3	77.311758
8359	3	44.729577
8428	3	123.248087
8430	3	115.337131
8433	4	69.920251
8435	4	23.660156
8436	4	108.059570
8437	4	75.740234
8438	4	15.910156
8439	4	108.439192
8441	2	134.736432
8443	2	130.700686
8445	2	54.485992
8447	2	57.583132
8448	2	24.504997
8449	2	20.850560
8450	2	83.354417
8452	2	90.946831
8454	2	62.772456
8455	2	60.485643
8456	3	64.704998
8457	2	65.691300
8458	2	27.373798
8459	2	27.958465
8460	4	61.503670
8462	2	64.608214
8464	3	64.339186
8465	3	87.983734
8466	5	183.074574
8468	4	28.660506
8469	5	124.913163
8471	3	6.762375
8472	3	41.055083
8473	3	58.271790
8475	4	54.820313
8476	3	18.505083
8477	3	149.701580
8479	3	33.969727
8481	3	30.292870
8482	3	55.260742
8483	3	80.138352
8485	3	45.305953
8486	4	60.625266
8487	3	56.231484
8489	2	39.248727
8490	2	59.870117
8491	2	59.149414
8492	2	23.005128
8494	2	39.045024
8497	2	88.618652
8498	2	9.535197
8499	2	100.606445
8520	1	109.352723
8521	2	14.863771
8597	2	19.354467
8598	2	18.931235
8622	3	36.150391
8623	2	27.010742
8625	3	35.690203
8627	3	35.269057
8679	2	72.417560
8681	3	20.589844
8707	2	31.170043
8708	2	6.090872
8710	3	116.093654
8711	1	88.451172
8756	3	29.492709
8764	2	6.121094
8765	3	36.613262
8769	3	21.471562
8770	2	72.092344
8773	3	85.622498
8774	2	51.780273
8778	2	22.584156
8779	3	12.300152
8780	2	39.344961
8781	2	59.898658
8782	2	11.168461
8784	3	16.988771
8785	2	10.820312
8805	2	36.371630
8810	2	24.012784
8878	2	23.072908
8880	2	22.959657
8888	2	32.208008
8889	2	94.150391
8900	3	106.277351
8906	3	65.729492
8907	2	64.198504
8946	2	73.376912
9019	1	25.029716
9026	2	53.396972
9029	1	40.024973
9035	1	40.805140
9050	5	22.215032
9054	1	32.836227
9055	1	63.937829
9059	5	31.336982
9071	1	28.563662
9072	3	27.661579
9073	1	171.557547
9284	2	32.271798
9285	2	26.788838
9288	2	101.491211
9289	3	109.732422
9290	2	105.312499
9291	3	69.053222
9292	2	106.614257
9293	4	104.593750
9294	4	105.853516
9296	4	103.382812
9297	3	108.075195
9298	3	113.622138
9299	2	106.008789
9300	3	105.316406
9301	3	106.488281
9302	3	108.275391
9303	3	106.458008
9304	2	107.330078
9305	2	110.174805
9306	2	141.722656
9307	1	241.371093
9308	2	105.333008
9309	2	115.822266
9310	2	108.451172
9311	2	110.421875
9312	2	109.252930
9313	2	108.232422
9314	2	89.860352
9315	2	111.152344
9316	2	103.454102
9317	2	105.534178
9318	3	144.430664
9319	3	159.980469
9320	3	119.490234
9321	2	38.758722
9322	4	98.289589
9323	4	108.669922
9324	4	111.166064
9325	3	46.539588
9326	3	105.503905
9327	3	108.517578
9328	3	51.709911
9329	2	114.726563
9330	2	110.415039
9331	2	109.192383
9332	2	107.257812
9333	2	105.305664
9334	2	104.476562
9335	2	103.598633
9336	3	109.143555
9337	3	110.714844
9338	3	100.836915
9339	3	109.202148
9340	4	106.617187
9341	4	107.969727
9342	2	148.605468
9343	2	152.776367
9344	3	127.158203
9345	2	110.628906
9346	1	102.119140
9347	1	103.426759
9348	1	91.005859
9349	1	86.560547
9350	1	103.058594
9351	1	108.034180
9352	1	105.117188
9353	1	121.439453
9354	1	104.644531
9355	1	103.541992
9356	3	108.869141
9358	3	108.686523
9359	3	108.370117
9360	3	107.794922
9361	4	106.348633
9362	4	104.246094
9364	4	108.276367
9365	4	106.991211
9366	4	107.345703
9367	4	105.841797
9368	4	150.078614
9369	4	146.212891
9370	4	128.099609
9371	4	105.496094
9372	4	101.604492
9374	4	106.550781
9375	4	107.878906
9376	4	38.417247
9377	4	91.376530
9378	4	107.889648
9379	4	111.506836
9380	4	106.904297
9381	4	124.381836
9382	4	99.671875
9383	4	102.675781
9384	2	102.820313
9385	2	118.352539
9386	2	115.119141
9387	2	116.182617
9388	2	115.582031
9389	2	102.371579
9390	3	105.507812
9391	3	106.676758
9392	4	108.476563
9393	4	110.528320
9395	4	108.497070
9396	4	108.239258
9397	4	108.126953
9398	4	155.561523
9399	4	132.568359
9401	4	134.714844
9402	4	108.375977
9403	4	109.408203
9404	4	107.354492
9405	4	107.717773
9407	4	101.995117
9408	4	104.898437
9409	4	31.032948
9410	4	108.410237
9411	4	108.224609
9412	5	107.182052
9413	4	114.890625
9414	4	112.454102
9416	4	112.638672
9417	4	113.132812
9418	4	113.208495
9419	4	108.751953
9420	4	112.593750
9421	4	106.060547
9422	7	105.860352
9424	6	109.815919
9425	7	58.136719
9426	6	62.921479
9427	6	155.025690
9429	6	127.634766
9430	6	138.522461
9431	6	104.279297
9432	6	106.092773
9433	6	106.869141
9434	6	98.836914
9436	6	92.523438
9437	6	100.151367
9438	6	108.561019
9440	6	108.099609
9441	6	47.146717
9442	2	106.000000
9443	2	109.046875
9444	2	107.103516
9445	2	106.377930
9446	2	107.915039
9447	2	106.288086
9448	3	112.349609
9449	3	105.639160
9450	3	102.540039
9451	3	104.401367
9452	3	104.606445
9453	3	107.836914
9454	3	158.518555
9455	3	121.689301
9456	3	137.052734
9457	3	110.198242
9458	3	109.773437
9459	3	110.223633
9460	3	108.644531
9461	3	100.223377
9462	2	99.054688
9463	2	102.501953
9464	3	106.713867
9465	3	100.336914
9466	3	103.234375
9467	3	110.344727
9468	2	113.374023
9469	2	112.528320
9470	2	111.976562
9471	2	101.270508
9472	2	116.225586
9473	2	111.533203
9474	2	111.873047
9475	2	110.224934
9476	2	113.279136
9477	2	109.284818
9478	2	111.658346
9479	2	113.168945
9480	2	152.910645
9481	2	115.106445
9482	2	144.214844
9483	2	107.395508
9484	2	110.084961
9485	2	105.023437
9486	2	107.133789
9487	2	100.287109
9488	2	108.685547
9489	2	109.083008
9490	2	111.432617
9491	2	109.008789
9492	3	122.675589
9493	5	115.189878
9494	5	115.115723
9496	5	112.990710
9497	5	113.459473
9499	5	110.215820
9501	5	115.999406
9502	5	111.548828
9503	5	109.497072
9504	5	114.153071
9505	5	118.134424
9506	5	107.122862
9507	5	111.578125
9509	5	110.749023
9510	5	116.753417
9511	5	114.996095
9513	4	79.221589
9514	4	82.224286
9515	5	113.777557
9516	5	110.283797
9518	5	115.032485
9519	3	102.510742
9520	3	108.617188
9521	3	111.782227
9522	3	112.865234
9523	3	105.790039
9524	3	105.220703
9526	3	109.965820
9527	3	107.453125
9528	3	104.695312
9530	3	109.599609
9531	2	97.199219
9532	2	103.717773
9533	2	109.090820
9534	3	107.016602
9535	3	106.194336
9536	3	101.058594
9537	2	108.604492
9538	2	110.186523
9539	2	103.860352
9540	2	108.359375
9541	1	106.659180
9542	2	102.905273
9543	2	106.701172
9544	2	108.527344
9545	2	62.832031
9546	2	104.255799
9547	4	38.926149
9548	1	176.369529
9549	1	111.904307
9550	3	95.159310
9551	2	97.715820
9552	4	109.311523
9553	4	109.496094
9555	4	109.819906
9556	4	98.216797
9557	4	109.806668
9558	4	114.424925
9559	4	110.232422
9560	4	105.931454
9561	4	106.392017
9563	4	109.511719
9564	4	105.821777
9565	2	73.577906
9566	2	137.541848
9567	2	110.006836
9568	2	114.283203
9569	2	102.854492
9570	3	105.696289
9571	4	104.908995
9572	3	100.644458
9573	2	105.772461
9574	2	104.760789
9575	2	113.230469
9576	2	14.540146
9577	2	60.666504
9578	2	113.087429
9579	2	108.848633
9580	2	110.420439
9581	2	110.190918
9582	2	103.627598
9583	2	113.641677
9584	2	113.199219
9585	2	101.473633
9586	2	101.886719
9587	2	103.434570
9588	2	111.947266
9589	3	47.740080
9590	3	27.647357
9591	3	104.686526
9592	2	109.063477
9593	2	104.550781
9594	2	106.961914
9595	2	103.568390
9596	2	111.912109
9597	2	110.944336
9598	2	105.131836
9599	2	111.138218
9600	2	105.070313
9601	3	105.215820
9602	3	110.621094
9603	3	106.121094
9604	3	104.891602
9605	3	82.296691
9606	3	111.239201
9607	3	113.455651
9608	3	107.130859
9609	3	107.782227
9610	3	107.297153
9611	3	109.041016
9612	3	109.426758
9613	3	107.769531
9614	3	108.664062
9615	2	62.436491
9616	2	115.832824
9617	2	107.309570
9618	1	103.942383
9619	1	113.826623
9620	1	110.252441
9621	2	111.797852
9622	2	107.577637
9623	2	107.562132
9624	2	105.025391
9625	2	38.245117
9626	2	108.372070
9627	4	106.312500
9628	4	104.019585
9629	5	114.562500
9630	5	113.772461
9632	5	109.609375
9633	5	108.964844
9634	5	101.980633
9635	5	42.376722
9636	4	55.145582
9637	4	108.898437
9638	4	107.274414
9640	4	107.010742
9641	3	107.922596
9642	3	106.436523
9644	3	36.941406
9645	2	64.344727
9646	3	111.679688
9647	3	112.257812
9648	3	103.666016
9649	3	114.886569
9650	3	113.225586
9651	3	107.858398
9652	3	106.325195
9653	3	75.544126
9654	3	16.041756
9655	3	113.265625
9656	3	105.635742
9657	3	107.916992
9658	3	108.770508
9659	2	106.708008
9660	4	113.296875
9661	3	107.202148
9662	3	107.718750
9663	2	125.442061
9664	2	115.289113
9665	3	108.134766
9666	3	104.472656
9667	3	106.034967
9668	3	105.260742
9669	3	107.760660
9670	3	113.676495
9671	3	104.165039
9672	4	69.536565
9673	4	109.570313
9674	4	104.954102
9675	4	106.428711
9676	4	106.457031
9678	4	103.216797
9679	4	103.032729
9681	4	98.400391
9682	4	97.235962
9683	4	111.187750
9685	4	112.230998
9686	3	102.301758
9687	4	109.444717
9688	4	112.898926
9689	4	112.479529
9690	4	116.161331
9691	4	108.666930
9692	4	102.820312
9693	4	100.796456
9694	4	105.735676
9695	4	117.692710
9697	4	113.489337
9698	1	111.762373
9699	1	115.539992
9700	1	112.805664
9701	1	109.627222
9702	1	111.592860
9703	1	44.444078
9704	1	50.560059
9705	1	113.992187
9706	5	108.875000
9707	5	109.627103
9708	5	103.221314
9710	5	98.454920
9711	5	102.933947
9712	5	102.189100
9713	5	99.181641
9714	5	102.844665
9715	5	107.725586
9717	2	121.644531
9718	2	120.697034
9719	1	111.976562
9720	1	112.351550
9721	1	113.832586
9722	2	114.069336
9723	2	112.898031
9724	2	113.713483
9725	1	108.936530
9726	1	108.091240
9727	2	104.091386
9728	2	102.079102
9729	1	109.108258
9730	1	110.233292
9731	1	108.430887
9732	2	110.171572
9733	3	17.616973
9734	4	106.460937
9735	4	108.362305
9737	4	111.713420
9738	4	100.118164
9740	4	102.262695
9741	4	100.846680
9743	4	108.977539
9744	4	94.140625
9746	4	112.531250
9747	4	98.471680
9748	4	102.544391
9749	4	101.749441
9750	4	106.540039
9751	4	108.170020
9753	4	69.809668
9754	3	45.276305
9755	3	9.091837
9756	3	112.815430
9757	2	101.214844
9758	2	108.739258
9759	2	102.745350
9760	2	98.079102
9761	2	116.136927
9762	2	97.653320
9763	2	101.029297
9764	2	113.861328
9765	2	101.341797
9766	2	107.528320
9767	2	104.740234
9768	2	103.375000
9769	2	67.341862
9770	2	106.211414
9771	2	117.210938
9772	2	45.707246
9773	2	13.651911
9774	2	100.252930
9775	3	101.709961
9776	2	110.866211
9777	2	107.022461
9778	2	108.866373
9779	3	108.801249
9780	2	111.921223
9781	3	76.500572
9782	3	61.961813
9783	3	103.203110
9785	3	100.075012
9786	3	98.486212
9787	3	98.136751
9788	3	101.939542
9789	3	101.821289
9791	3	97.236861
9792	3	104.418310
9793	4	103.650269
9794	3	95.364435
9795	2	106.948242
9796	2	41.815432
9797	3	12.621732
9798	2	103.951255
9799	2	103.501953
9800	2	101.334961
9801	2	110.033603
9802	2	99.498298
9803	2	94.305664
9804	2	100.612305
9805	2	102.558594
9806	2	105.259766
9807	2	71.362561
9808	3	112.652717
9809	2	108.965820
9810	2	107.871094
9811	2	109.483398
9812	2	41.192915
9813	3	11.341765
9814	2	103.875000
9815	2	106.883789
9816	2	110.563877
9817	2	95.477539
9818	2	100.592773
9819	3	112.707031
9820	2	108.905273
9821	3	109.178711
9822	2	112.089844
9823	2	117.069336
9824	2	114.742187
9825	2	111.555664
9826	3	105.962891
9827	3	107.693359
9828	3	107.405273
9829	3	107.047852
9830	3	115.436523
9831	3	107.775391
9832	3	106.611328
9834	3	108.665039
9835	2	110.373047
9836	2	106.744141
9837	4	117.688818
9838	4	118.773143
9839	3	119.088329
9840	3	116.628779
9841	3	120.869533
9843	5	123.162014
9844	4	99.754039
9845	3	106.942593
9846	2	123.177550
9847	2	122.455406
9848	2	120.460254
9849	2	124.437286
9850	2	105.705841
9851	3	116.590770
9852	3	93.151217
9853	5	132.487748
9854	4	59.599915
9855	3	106.369861
9856	3	73.408769
9857	3	126.513302
9859	3	136.991974
9861	3	138.124942
9862	3	130.364602
9863	5	37.024865
9864	6	102.862188
9865	3	107.895508
9866	2	104.712891
9867	3	22.730766
9868	2	108.273438
9869	2	105.723633
9870	2	114.819920
9871	4	107.427734
9873	4	90.964843
9874	4	104.443359
9875	3	134.884738
9877	3	139.898534
9878	3	75.148329
9879	3	125.072988
9880	3	65.107338
9881	3	91.289767
9882	2	113.413176
9883	2	117.632908
9884	2	119.873127
9885	2	112.960509
9886	2	110.283251
9887	2	115.809571
9888	2	110.962328
9889	2	111.959885
9890	2	114.202550
9891	2	116.870451
9892	2	113.315491
9893	2	111.414062
9894	2	112.980469
9895	2	116.474998
9896	2	118.049372
9897	2	88.134482
9898	2	83.432485
9899	2	113.527344
9900	2	112.210261
9901	2	118.394853
9902	4	106.514648
9903	2	114.255974
9904	2	104.429377
9905	4	113.987087
9906	2	112.693947
9907	4	111.981081
9909	4	114.427976
9910	2	114.665016
9911	4	111.288061
9912	2	111.391455
9913	2	107.530969
9914	4	106.725697
9915	4	105.473070
9916	2	112.460582
9917	4	111.225348
9919	3	132.670217
9920	3	114.021878
9921	3	113.283260
9922	3	92.945496
9923	3	116.481471
9924	3	65.515625
9925	4	28.442590
9926	4	75.270315
9927	4	79.121288
9928	1	73.170295
9929	1	73.486195
9930	1	67.830392
9931	1	65.366113
9932	1	81.918681
9933	4	34.863579
9934	3	105.051758
9935	4	24.838685
9936	6	107.261196
9937	5	121.966223
9939	5	135.033488
9940	2	151.094429
9941	5	106.279297
9942	2	106.564453
9943	2	107.640625
9944	2	111.698678
9945	2	93.770508
9946	2	116.396373
9947	2	108.506848
9948	2	107.770473
9949	2	153.206109
9950	5	143.268681
9951	5	60.804603
9952	5	181.944740
9954	5	81.422289
9955	3	105.310672
9956	2	110.969727
9957	2	104.209961
9958	2	109.909180
9959	3	104.282227
9960	4	104.588867
9962	2	92.350586
9963	2	93.419922
9964	2	100.608398
9965	2	106.579102
9966	2	100.460938
9967	2	100.781250
9968	2	96.898437
9969	2	97.579102
9970	4	109.276990
9971	6	98.456861
9972	2	102.033447
9973	2	100.599609
9974	4	106.499023
9976	4	76.533131
9977	3	94.901367
9978	4	111.071205
9979	4	118.947266
9980	4	105.069336
9981	4	103.418945
9982	4	109.159180
9983	3	109.880859
9984	3	103.029297
9985	2	108.299805
9986	2	109.241211
9987	3	108.221680
9988	3	105.390625
9989	1	104.535896
9990	1	105.120117
9991	4	110.969727
9992	2	107.945312
9993	2	116.315430
9995	2	114.606445
9996	2	112.106445
9997	2	109.801758
9998	2	110.146484
9999	2	103.111220
10000	3	104.950195
10001	2	105.029297
10002	2	111.432617
10003	2	110.197266
10004	2	116.383804
10005	2	115.760742
10006	3	111.919922
10007	2	114.578125
10008	2	117.536285
10009	1	102.369800
10010	2	111.938477
10011	2	106.171123
10012	4	107.160156
10013	4	107.120117
10014	2	110.494843
10015	2	115.787109
10016	2	107.816187
10017	4	106.649414
10018	4	110.619141
10019	3	102.703125
10020	3	107.088867
10021	2	106.513672
10022	2	104.853516
10023	2	102.659180
10024	2	18.928711
10025	4	44.451172
10026	4	43.597682
10027	3	83.751851
10028	4	45.167030
10029	3	77.210783
10030	2	121.209961
10031	1	121.390625
10032	3	112.123536
10033	3	97.000000
10034	1	99.950195
10035	2	108.491211
10036	3	57.335867
10037	3	102.483618
10038	2	106.940126
10039	2	99.739258
10040	2	105.639648
10041	4	102.430664
10042	2	102.580078
10043	2	110.809570
10044	2	107.389648
10045	4	41.047852
10046	2	97.134765
10047	4	108.787904
10048	2	104.688477
10049	3	99.179688
10050	4	106.638176
10051	2	172.645419
10052	2	131.321898
10053	2	129.434023
10054	4	42.942383
10055	5	113.972667
10056	5	107.744141
10057	5	103.328827
10059	5	109.100586
10060	5	107.246957
10061	5	107.745711
10062	4	51.858808
10063	7	86.304884
10065	4	121.547346
10066	4	105.022578
10068	4	102.409180
10069	5	109.348558
10071	5	25.054768
10072	5	72.206038
10073	3	55.435775
10074	2	74.231445
10075	2	112.874959
10076	2	109.803945
10077	2	32.241875
10078	3	22.663071
10079	3	120.624629
10080	2	118.047420
10081	2	124.725638
10082	3	121.069478
10083	2	125.278210
10084	1	95.283502
10085	1	119.034444
10086	1	117.481070
10087	1	115.580080
10088	1	113.116212
10089	1	112.229982
10090	1	115.169922
10091	1	110.720216
10092	1	115.690429
10094	1	117.099609
10095	2	114.344053
10096	3	100.341933
10097	2	130.186111
10098	2	12.250120
10099	4	12.169745
10100	2	10.477502
10101	3	13.214137
10102	3	9.314461
10103	3	9.846423
10104	4	12.099900
10105	3	10.045906
10106	3	10.475522
10107	4	11.628778
10108	2	150.322242
10109	4	12.253225
10110	2	104.934669
10111	2	146.425484
10112	2	113.516486
10113	4	10.869653
10114	2	109.000000
10115	2	121.979492
10116	2	12.581490
10117	2	114.623784
10118	2	9.627941
10119	2	6.009766
10120	4	34.614061
10121	4	32.756645
10122	2	114.193296
10123	2	106.189453
10124	4	11.047158
10125	1	108.439453
10126	2	9.602525
10127	1	106.715850
10128	4	13.053356
10129	3	111.481363
10130	3	98.000000
10131	4	12.265142
10132	2	126.670989
10133	2	122.303450
10134	2	127.959988
10135	2	35.059786
10136	3	10.560463
10137	2	128.399271
10138	2	103.820551
10139	2	124.372997
10140	3	12.876613
10141	2	42.258586
10142	2	101.776688
10143	2	125.298995
10144	2	134.703890
10145	2	8.417389
10146	2	134.130761
10147	2	135.863662
10148	3	7.339004
10149	2	119.510001
10150	2	123.286533
10151	3	10.013010
10152	2	121.666386
10153	2	74.431261
10154	2	37.309186
10155	3	100.697266
10156	4	8.531650
10157	1	116.026333
10158	1	108.667484
10159	1	114.099590
10160	1	111.853132
10161	3	6.218750
10162	1	114.100245
10163	4	6.078125
10164	1	111.225772
10165	4	8.750791
10166	2	59.062011
10167	1	106.012279
10168	6	6.109375
10169	1	109.930350
10170	2	74.026679
10171	3	9.139616
10172	1	114.986908
10173	1	110.477384
10174	1	106.274900
10175	1	105.212494
10176	2	6.019531
10177	1	170.276462
10178	1	122.491466
10179	1	99.214355
10180	3	9.674259
10181	1	70.644601
10182	1	120.720867
10183	1	117.630840
10184	2	78.203073
10185	3	14.855555
10186	4	23.949320
10187	4	21.438477
10188	3	35.033147
10189	5	10.412516
10190	4	5.285878
10191	6	6.899901
10192	5	51.670339
10193	2	41.083818
10194	3	34.252453
10195	6	23.692110
10196	3	31.617204
10197	3	30.181865
10198	4	24.019617
10199	6	120.597656
10201	6	97.848633
10202	6	106.491211
10203	6	61.827025
10204	2	32.289880
10205	4	12.292692
10206	2	105.878472
10207	2	83.198544
10208	2	43.154759
10209	2	84.753402
10210	5	14.051937
10211	2	107.308594
10481	1	46.000000
10483	1	57.476388
10484	1	70.731858
10487	2	95.116627
10533	1	140.801437
10718	2	348.648816
10719	2	349.464538
10720	3	88.320632
10723	3	103.335950
10739	1	39.599882
10749	1	95.652208
10757	1	118.919942
10758	1	127.693213
10766	1	80.580993
10772	1	31.205192
10798	1	57.477096
10816	1	44.028271
10825	1	180.822629
10832	1	82.683178
10834	1	124.258394
10837	1	158.630618
11022	2	117.448386
11023	2	116.503841
11047	4	70.535415
11068	4	193.668316
11073	3	55.103956
11074	3	159.609511
11095	4	30.884057
11096	2	17.726104
11097	4	57.761537
11098	5	80.680620
11100	5	23.548338
11101	5	22.932593
11102	3	105.576952
11104	3	22.293602
11105	3	10.755108
11106	1	84.863217
11107	2	55.428645
11108	1	11.432046
11115	1	60.873162
11120	2	124.569573
11121	2	107.766422
11122	4	39.164711
11123	5	16.349850
11127	4	94.708463
11128	2	27.077580
11129	3	46.511160
11130	1	25.305742
11131	3	7.733229
11132	3	73.805385
11133	5	72.603203
11229	1	194.005335
11230	1	196.534149
12055	2	185.607851
12077	4	19.710535
12078	1	25.638446
12079	2	20.247001
12080	4	42.447290
12082	3	36.243336
12084	2	40.167000
12085	2	20.014783
12086	3	30.797963
12103	3	13.520279
12117	1	35.202758
12120	1	36.490621
12282	5	64.103225
12285	4	135.049450
12349	3	160.085224
12351	3	141.378254
12352	2	104.464806
12353	2	136.462349
12354	2	158.857978
12355	1	136.999008
12356	2	75.111606
12758	3	89.894175
12830	3	128.431993
12831	3	184.672852
12832	3	131.222205
12833	2	107.165569
12834	2	55.291301
12835	2	61.078462
12836	2	183.007270
12837	2	46.625925
12838	2	131.054669
12839	2	21.194738
12840	2	86.275933
12841	2	130.944993
12842	3	186.842211
12843	3	132.394080
12844	3	129.800910
12846	1	39.782665
12847	2	40.605206
13188	2	85.234961
13189	1	110.640835
13212	3	36.426048
13213	3	90.077078
13214	3	9.086583
13215	3	45.148388
13216	3	34.841357
13217	3	76.945566
13218	3	81.782233
13219	3	99.537845
13221	3	162.476404
13222	3	149.020328
13223	3	147.421077
13224	3	158.710912
13225	3	110.797324
13226	3	138.347574
13227	3	135.961338
13229	3	29.255451
13230	3	136.754400
13231	3	17.586921
13232	4	164.002361
13233	5	24.764171
13234	3	37.258789
13235	5	102.857598
13236	4	101.831905
13237	2	106.944336
13238	2	99.418945
13239	3	119.128960
13240	3	115.864838
13242	3	143.364879
13243	4	85.291811
13244	3	115.453505
13245	3	103.244033
13246	4	71.136792
13249	4	117.736738
13250	3	118.023437
13251	4	72.012119
13252	3	73.289902
13253	2	120.300779
13254	2	45.133376
13255	2	131.022077
13256	3	49.880809
13257	3	66.617024
13258	5	107.867862
13310	2	39.240234
13311	3	20.220682
13312	3	8.840958
13313	3	18.040460
13314	3	11.301815
13315	5	13.010147
13325	3	9.881916
13414	2	112.194998
13416	2	30.879883
13417	2	52.220703
13418	2	107.180664
13419	2	50.640625
13420	2	112.350098
13421	2	112.166992
13494	2	94.771484
13495	1	86.070312
13574	4	166.223832
13584	3	109.370742
13585	2	30.261113
14059	6	35.355040
14060	6	59.078651
14061	6	44.938616
14062	6	25.530177
14063	6	38.603471
14064	2	65.160078
14065	2	46.629285
14066	1	88.594431
14067	1	133.998394
14068	2	21.972111
14069	1	27.884887
14070	2	60.629399
14172	5	26.851940
14173	5	67.714164
14656	3	109.518230
14658	2	170.022555
14659	2	96.662466
14661	2	106.824639
14664	1	74.797350
14665	2	129.039113
14666	3	49.171358
14667	4	139.539750
14669	3	63.244964
14671	3	95.984861
14913	2	120.653609
14914	2	105.420499
14920	1	78.971437
16430	3	59.134732
16442	3	166.714618
16613	3	172.251434
16615	3	103.638787
16631	4	114.559570
16632	3	99.203201
16633	3	100.424805
16634	3	99.298968
16664	4	56.234814
16665	4	85.931454
16666	4	39.958114
16667	4	30.192010
16668	4	49.233204
16669	4	25.429300
16670	3	127.526437
16671	3	277.642080
16694	3	184.404547
16695	4	30.757915
16696	3	355.746839
16699	2	74.989971
16700	2	48.689410
16701	2	76.154385
16794	2	113.671699
16795	2	109.564022
16796	2	112.139287
16797	2	115.466377
16799	2	108.561797
16800	2	101.554375
16801	2	113.119894
16802	2	113.368584
16803	2	138.003451
16804	3	127.289379
16810	4	82.235786
16811	2	163.546024
16844	2	20.608966
16845	3	14.026582
16984	4	64.755466
16988	4	28.752058
16989	5	28.186556
16990	4	30.454326
16994	4	104.693708
16995	3	79.977609
16996	2	110.283937
16997	2	113.258548
16998	3	107.055941
16999	3	108.954637
17000	4	72.583348
17001	2	115.821707
17002	3	54.016567
17003	5	91.378320
17004	2	112.009663
17005	2	116.250831
17006	5	107.071191
17007	2	156.461930
17008	1	105.381253
17009	1	92.214060
17010	2	89.044698
17011	5	85.282007
17013	1	81.485629
17014	2	145.719132
17015	2	105.573071
17016	3	113.224568
17017	2	57.019660
17018	3	95.546689
17020	2	40.584524
17021	5	17.801910
17022	3	18.611760
17023	4	199.876382
17027	1	51.999514
17028	1	61.409747
17043	2	102.736037
17050	4	200.641644
17181	1	59.241940
17254	2	124.066800
17268	3	75.852653
17270	3	210.027714
17280	2	73.131073
64715	1	12.136566
64751	1	7.823156
64752	1	7.031426
68076	1	19.859697
69616	1	17.511265
69622	1	13.724368
70330	2	15.658167
72127	2	12.171527
73054	2	2.283717
73546	3	80.753891
