Node_Id	x_coord	y_coord
55299	429035.038	4580906.674
49169	428774.133	4583135.326
49158	428663.367	4583104.245
55304	429032.735	4581044.797
45066	428636.834	4582412.629
46765	430778.102	4581752.009
20496	429124.836	4583356.335
45073	428633.291	4582368.968
19118	428902.544	4581705.823
49174	428627.56	4583024.816
49178	428375.909	4582949.702
45084	428765.87	4582333.448
20513	432522.458	4581625.491
45095	428895.062	4582292.072
20520	432429.651	4581787.962
46087	429437.617	4581581.783
20527	429571.016	4581704.709
45109	429031.803	4582255.266
46772	430913.532	4581704.25
45117	429173.153	4582283.011
19125	429035.532	4581706.381
45124	428233.726	4582275.048
19097	428499.218	4581753.286
45131	428366.212	4582275.814
45138	428499.559	4582276.904
46512	432259.289	4582147.516
54969	428163.32	4581745.313
45145	428634.13	4582277.783
49167	428751.245	4583117.506
43706	429642.721	4581568.797
45152	428766.699	4582275.953
45159	429305.342	4582281.585
20585	429168.376	4583341.686
20588	429218.39	4583375.82
45166	429439.721	4582281.659
42344	429164.301	4580775.97
20594	429101.967	4583387.696
45173	429574.856	4582281.707
20599	429106.783	4583420.766
20604	429178.18	4583454.905
20607	429137.534	4583454.068
49281	428699.687	4583081.882
45187	429840.779	4582279.655
20612	430380.62	4582825.172
54977	427967.23	4581710.911
45194	429976.682	4582281.184
20620	430359.571	4582791.459
45201	430163.809	4582283.771
45763	429437.834	4581879.713
20633	430335.317	4582828.827
41116	429572.783	4583199.652
45213	430513.102	4582278.809
20640	430316.283	4582806.179
20642	431998.406	4582011.669
45220	430646.959	4582280.433
41125	429434.506	4583219.488
20648	431849.479	4581702.678
49180	428494.413	4582956.301
41131	429475.815	4583222.095
20652	431150.125	4581760.722
41133	429305.296	4583301.709
41136	429134.053	4583485.016
41138	429174.588	4583489.137
20663	430646.516	4581700.805
45241	431049.541	4582282.39
45770	429573.55	4581877.659
45970	430777.679	4581715.928
45248	431181.513	4582282.905
54972	428208.029	4581746.2
46925	428097.906	4582280.228
45257	431046.835	4582412.761
45264	431318.382	4582416.321
46115	428901.059	4581445.997
45271	431451.209	4582417.394
45278	431584.556	4582414.174
45285	431718.326	4582415.921
45777	429708.688	4581877.773
45292	431871.035	4582414.401
45299	432000.058	4582413.38
45306	431314.894	4582329.204
46463	428767.018	4582948.493
45312	431314.87	4582277.215
45319	431407.811	4582283.311
45324	431584.831	4582280.139
18703	432649.596	4581714.118
20752	428366.344	4582852.375
18707	432534.234	4581797.994
18712	432630.795	4581767.976
45338	429305.442	4582184.131
18716	432541.63	4581651.326
18719	432583.34	4581687.385
18721	432571.448	4581664.144
45787	429975.439	4581880.43
18724	432590.154	4581674.998
18726	432617.171	4581697.718
18728	432634.14	4581710.199
18730	432583.183	4581759.458
18732	432567.987	4581777.574
18734	432703.473	4581727.804
46813	431999.879	4581750.171
45361	428233.233	4582147.367
18738	432491.043	4581661.902
18740	432493.034	4581793.091
18743	432428.966	4581701.033
18745	432655.833	4581626.934
45370	428499.035	4582145.146
18752	432665.354	4581657.769
45377	428634.492	4582142.96
45384	428767.489	4582145.056
20813	429707.431	4581750.988
45391	428902.335	4582147.517
46136	428499.954	4581447.111
20820	429706.172	4581707.045
45398	429035.115	4582146.764
46820	431577.374	4582170.543
20826	429837.697	4581744.101
20829	429977.849	4581705.087
21563	429167.328	4581388.172
20836	430179.842	4581745.668
46794	431451.417	4581750.754
41321	431850.04	4581537.71
20842	430336.974	4581752.825
45419	429707.857	4582147.034
20848	430148.184	4581731.271
45426	429839.161	4582215.566
45429	429894.68	4582146.146
20856	430182.601	4581713.988
45434	429784.217	4582146.433
20862	430304.571	4581750.997
45440	429839.999	4582083.248
45443	429975.365	4582147.24
20869	430301.493	4581709.296
45450	430163.099	4582147.044
20876	430342.722	4581712.066
45460	430512.331	4582146.094
20887	430320.993	4582216.029
20889	430347.904	4582097.996
20891	430353.285	4582147.306
20896	430333.839	4582146.323
45474	430780.736	4582144.891
45467	430647.033	4582144.641
20901	430316.161	4582146.207
45481	430914.79	4582146.551
20907	430358.958	4582281.71
20912	430339.484	4582284.018
55027	427995.102	4581699.729
20919	430342.738	4582417.916
20926	430326.602	4582416.214
45504	431317.666	4582145.999
20931	430348.854	4582553.448
45511	431451.464	4582145.227
25032	431719.315	4582818.443
20938	430330.703	4582551.464
43767	430779.353	4581249.506
45518	431579.62	4582196.378
20943	430509.064	4581704.163
20948	430644.882	4581752.362
45721	428633.235	4581878.407
45817	430510.285	4581882.461
20953	430912.686	4581751.025
45531	428370.367	4582007.868
20958	432130.861	4581728.056
45541	428634.809	4582011.549
20972	431998.753	4581972.309
20977	431768.331	4582113.992
45555	428901.977	4582011.229
20981	431195.6	4582369.811
23030	432471.954	4581768.997
46505	432389.254	4582149.48
45562	429036.769	4582011.391
20988	431205.228	4582411.56
45569	429169.832	4582010.439
23043	432400.428	4581709.928
20998	431130.521	4582419.861
41729	432524.05	4582539.936
45576	429305.472	4582011.211
23050	432617.907	4581653.271
23053	432632.815	4581674.902
45583	429439.193	4582012.091
23056	432643.309	4581719.907
21009	431164.649	4582380.294
23060	432610.617	4581794.539
45589	429574.313	4582014.898
21015	431047.031	4582462.777
45596	429708.157	4582014.143
21022	431047.081	4582440.083
45488	431047.957	4582146.643
21027	430917.813	4582554.935
45608	429976.179	4582015.606
21036	430912.934	4582529.872
45615	430166.849	4582013.886
21042	429975.84	4582972.409
21047	429571.954	4583227.069
45625	430338.516	4582012.929
46801	431584.674	4581703.87
21051	429573.632	4583173.166
21056	429261.239	4583383.132
45749	429169.337	4581878.295
45639	430509.935	4582012.354
21065	429257.437	4583354.433
45495	431180.755	4582148.775
45646	430646.271	4582011.623
21071	429254.999	4583333.547
21076	429437.44	4583240.437
45653	430779.577	4582012.728
54849	428885.589	4580895.894
21081	429436.674	4583265.691
45660	430912.443	4582012.359
25181	430345.609	4582853.189
21087	429438.245	4583289.551
45667	431048.22	4582012.38
21092	429709.53	4583159.077
45234	430914.601	4582281.651
54986	428097.311	4581727.298
45674	431181.761	4582013.07
21099	429707.272	4583132.97
21105	429708.24	4583103.974
45683	431315.999	4582011.164
21109	429979.429	4582997.138
19065	429844.398	4583038.518
45690	431450.07	4582010.918
19067	429848.169	4583054.972
19069	429867.27	4583057.348
21118	430060.849	4582981.855
19072	429868.499	4583076.377
45697	431585.734	4582011.85
21122	430052.465	4582960.675
19076	429978.29	4583023.505
21127	430045.318	4582941.618
19080	430512.456	4582756.203
21130	430599.228	4582687.816
45707	428364.031	4581878.404
19085	430512.261	4582708.376
21135	430648.317	4582639.269
19090	428365.139	4581706.857
21139	430647.137	4582663.616
41623	430779.4	4581444.441
21145	430648.066	4582689.782
41628	430913.304	4581444.567
19104	428632.46	4581704.682
21153	432407.2	4581766.134
21156	430779.247	4582573.694
41638	431047.864	4581310.465
19111	428767.954	4581752.544
21161	431202.367	4582551.447
41643	431314.573	4581441.712
21166	431317.875	4582354.943
45853	431318.064	4581879.574
41648	431313.69	4581309.671
21171	431451.306	4582277.973
41653	431449.2	4581443.175
45714	428498.857	4581877.698
41658	431447.584	4581310.439
19132	429170.015	4581753.605
21182	431584.022	4582221.19
41663	431430.586	4581172.065
43712	429572.82	4581526.405
41666	431582.957	4581444.279
19139	431811.765	4582686.157
43717	429484.341	4581442.527
41671	431990.208	4581441.215
41674	431992.111	4581575.265
21199	432400.332	4581746.892
43728	429440.926	4581416.642
41681	432192.853	4581873.659
41683	432119.425	4581871.37
41686	432258.085	4582011.297
45784	429841.005	4581882.672
45860	431450.229	4581877.295
41691	431449.943	4581045.577
45920	429036.27	4581728.343
45794	430166.625	4581879.221
41701	431582.358	4581043.437
45180	429709.027	4582281.733
45804	430321.95	4581880.175
41709	431718.955	4581046.602
43758	430582.851	4581384.883
43761	430605.774	4581363.113
41714	432524.506	4582951.09
43764	430718.837	4581244.473
19191	432529.076	4582680.672
45524	431583.101	4582144.905
43772	430831.249	4581243.986
43774	430910.967	4581244.002
45824	430644.96	4581883.959
19201	432524.853	4582818.003
43781	431007.864	4581208.338
45831	430779.514	4581884.307
43784	431066.051	4581188.78
45839	430912.165	4581882.507
41744	432523.876	4582412.52
43795	431315.559	4581046.833
45846	431049.025	4581878.706
41754	432523.599	4582278.818
42458	430379.481	4581354.585
41764	432388.241	4582011.636
41769	432522.885	4582008.891
45867	431585.307	4581877.504
19247	432128.964	4582078.365
45874	428234.228	4581734.873
19252	432255.262	4582108.55
45534	428499.482	4582011.251
23350	431050.456	4582818.469
19255	432523.567	4582145.063
45884	428364.758	4581728.374
23357	431203.368	4582818.504
45891	428499.478	4581729.295
45899	428633.157	4581729.108
45906	428768.276	4581729.298
46563	431849.268	4581875.476
46905	429038.299	4582282.538
45913	428901.262	4581729.654
39771	429707.397	4581671.963
39774	429885.359	4581649.603
39776	430161.723	4581449.508
39779	429119.402	4581181.5
39781	429080.716	4581044.311
45926	429170.058	4581730.246
39783	429104.309	4580908.917
45934	429304.503	4581729.212
19312	432522.279	4581826.353
19315	432388.435	4581812.33
45940	429436.93	4581729.369
19318	432256.35	4581879.905
19321	432254.346	4581836.834
45947	429572.559	4581730.145
19324	432127.108	4581943.894
19329	432124.747	4581907.337
45954	431182.502	4581877.605
19334	432384.428	4581779.331
19336	432248.173	4581747.599
45548	428768.431	4582011.921
45963	430645.459	4581727.078
19341	432249.964	4581709.485
41873	429111.677	4580671.001
19346	432250.01	4581680.329
41875	429102.226	4580657.395
41877	427937.976	4581714.045
41879	427995.283	4581812.858
23448	431453.539	4582683.428
41881	427987.968	4581807.711
19354	431721.452	4581310.08
41883	428093.695	4581799.149
41886	429099.237	4580773.307
19359	431995.21	4581309.163
41888	427962.197	4581726.137
41890	428092.333	4581727.105
41892	428010.495	4581698.959
41895	428031.919	4581679.257
19371	432391.938	4581544.655
45996	431317.018	4581729.715
19373	432389.846	4581592.684
19378	432258.048	4581453.189
46008	431450.934	4581713.424
19385	432121.087	4581317.447
46018	431584.546	4581737.999
41923	428380.197	4582822.175
19396	431585.285	4581314.298
41927	428231.392	4582738.7
46031	428365.544	4581583.505
41937	428102.883	4582530.059
19411	431871.982	4581051.192
46038	428499.674	4581581.877
19416	431882.708	4581087.592
41945	428130.645	4582598.431
19418	431844.513	4581094.299
41947	428165.391	4582547.267
19420	431855.103	4581076.906
46045	428633.705	4581581.702
41950	428083.727	4582618.542
19424	431829.648	4581069.256
19427	431813.473	4581039.155
46052	428768.58	4581581.414
41961	428536.824	4581215.706
46059	428900.86	4581580.846
41964	428637.345	4581115.905
41967	428701.119	4581053.724
41128	429506.061	4583257.58
41970	428777.006	4580989.908
23542	431204.225	4582685.866
41977	428809.284	4580947.01
41979	428920.284	4580831.459
23549	431319.512	4582685.91
41982	429041.686	4580709.413
46080	429305.033	4581581.341
41985	429082.804	4580661.81
45227	430781.312	4582282.697
23556	431387.44	4582688.444
23559	431585.693	4582687.201
46094	429304.525	4581447.963
23569	430910.249	4582819.498
21522	429601.391	4583212.545
46101	429172.234	4581446.319
23577	430774.488	4582820.031
46108	429034.752	4581446.564
23584	430630.706	4582818.984
44067	430169.529	4581332.095
23046	432440.62	4581646.433
23593	430570.256	4582822.195
46122	428767.574	4581445.35
20658	431146.996	4581707.873
23598	430517.399	4582815.872
46129	428633.448	4581445.515
23605	430476.382	4582821.79
21560	429038.112	4581388.121
23611	430292.276	4582867.927
44093	431177.746	4581215.19
23614	430166.279	4582928.704
46143	428633.01	4581310.298
23392	431161.389	4582819.706
23621	430162.746	4582906.921
46150	428769.692	4581310.641
44106	430334.626	4581350.274
46156	428900.501	4581311.196
44109	430312.935	4581380.019
23630	430140.639	4582890.852
44114	430093.541	4581310.25
46163	429033.858	4581311.965
44117	430145.503	4581359.864
46170	429035.079	4581179.91
44123	429165.63	4580599.874
44125	429200.509	4581212.899
52319	428931.24	4583285.128
44128	429436.948	4581447.407
46177	428900.304	4581179.865
46184	428767.978	4581179.938
23399	431163.253	4582684.707
46191	431215.044	4581703.902
46611	431946.662	4582020.29
46198	429171.067	4581311.246
54799	431180.474	4581309.45
46205	430510.403	4581726.714
46211	428902.119	4581045.885
46218	432388.691	4582279.732
23063	432589.158	4581813.654
19596	429304.512	4581706.893
46225	432390.064	4582414.733
19603	429437.46	4581753.813
46232	432391.116	4582545.7
46239	432390.735	4582684.599
46246	432391.286	4582820.408
46253	432390.806	4582952.748
46260	432130.541	4582950.313
42167	431231.744	4581167.181
19642	431838.868	4581016.2
46267	432262.265	4582820.444
42175	431139.59	4581170.981
46274	432262.666	4582684.726
42182	431316.155	4581149.348
46281	432132.821	4582685.795
46288	432130.576	4582547.758
45603	429839.639	4582014.628
54784	430645.613	4581579.119
46295	432261.398	4582547.442
46302	432127.571	4582414.585
44923	428770.067	4582414.335
46309	432259.648	4582414.034
46316	432127.519	4582279.838
46323	432259.871	4582277.897
44279	429420.308	4581393.614
46330	431719.934	4582279.665
46337	431869.758	4582278.898
46344	432000.806	4582278.127
46351	431719.958	4582009.813
46358	431720.144	4581875.383
46365	431999.769	4581876.065
46370	431718.282	4581711.788
44326	431314.157	4581171.618
46377	432000.206	4581714.217
44335	429394.141	4581375.082
46390	432128.961	4582011.244
46395	430914.166	4581579.491
46402	431043.786	4581579.873
44355	431316.319	4581224.635
44358	431193.527	4581171.172
46409	431314.963	4581579.919
54839	429012.013	4580765.733
45345	429304.351	4582147.905
46419	431582.934	4581581.116
42325	429155.172	4580631.339
46424	431718.498	4581581.072
46431	431183.569	4581581.875
44944	429438.233	4582413.56
44387	429035.11	4583226.259
42341	429173.925	4580732.719
44392	429167.693	4583219.744
46441	430327.225	4581579.261
42349	429161.904	4580910.677
46446	429974.445	4581624.303
44399	429304.252	4583220.17
42352	429174.442	4581009.223
42355	429161.106	4581046.271
46453	429977.865	4581726.645
44406	429392.237	4582153.389
42360	429174.664	4581190.732
44409	428899.602	4583080.765
46460	428765.951	4583077.86
19349	432127.223	4581626.036
44416	429068.382	4583084.325
46470	428632.096	4582948.426
44423	429025.707	4583078.673
44426	429167.454	4583085.871
44951	429574.65	4582415.076
46477	428631.709	4582814.96
44433	429305.364	4583086.245
46484	428768.313	4582816.34
44440	429440.799	4583084.457
42393	429307.581	4581309.816
46491	428498.404	4582815.648
44447	428900.459	4582949.412
46498	429705.204	4581729.478
45979	430912.662	4581726.484
44454	429034.003	4582953.321
44457	429574.304	4583085.487
42414	429346.891	4581333.376
44464	429163.866	4582953.556
46518	432127.725	4582146.46
44473	429305.023	4582950.056
46525	432001.387	4582148.548
44480	429439.843	4582949.918
46532	431868.539	4582146.59
44487	429575.192	4582952.075
46539	431863.043	4582060.836
45986	431045.494	4581721.97
44494	429708.87	4582953.813
42450	430308.396	4581354.846
44501	429841.642	4582947.805
46552	431851.66	4582009.07
19364	431850.297	4581309.461
44506	428896.289	4582816.998
42461	430431.945	4581364.5
44510	429175.92	4582816.047
42464	430511.442	4581385.829
44515	429304.888	4582817.465
54865	428613.362	4581169.087
44522	429440.146	4582817.775
54763	430315.392	4581511.45
46572	431849.893	4581737.415
44529	429574.253	4582818.113
45728	428769.339	4581879.071
54773	428356.011	4581432.565
44536	429707.503	4582818.307
54782	432197.728	4581907.419
44543	429839.564	4582818.663
46592	431849.318	4581581.93
44548	429978.288	4582819.469
54789	431048.383	4581260.663
54792	431848.761	4581442.028
46601	431719.987	4581450.287
44555	430147.374	4582818.982
46607	432003.766	4582047.016
44563	428499.846	4582682.759
54806	430915.455	4581302.79
44570	428631.896	4582680.902
54811	430779.637	4581344.25
54815	430645.179	4581447.13
46624	432131.953	4582819.208
44577	428768.529	4582681.82
54820	430619.568	4581396.469
44582	428900.841	4582680.622
45742	429036.505	4581877.238
54826	430510.536	4581443.569
44589	429034.66	4582677.417
44592	429170.717	4582681.561
46641	432261.677	4582952.548
54837	429096.556	4580685.253
44599	429302.17	4582681.958
44604	429463.809	4582680.588
46654	430177.081	4581555.516
44609	429572.824	4582683.165
46660	429835.209	4581727.289
46663	429571.856	4581583.527
44616	429709.801	4582683.272
54858	428750.734	4581038.017
46668	428228.661	4582676.524
44623	429839.057	4582681.749
46673	429973.374	4582949.611
44628	429975.209	4582682.135
46678	428365.441	4581753.941
54874	428463.204	4581306.953
44635	430154.03	4582682.119
46685	428498.87	4581705.816
46692	428633.879	4581752.719
54885	428220.136	4581577.829
44647	430362.47	4582687.785
46699	428767.849	4581704.844
46705	428900.796	4581751.706
44658	430508.463	4582681.35
45331	429172.836	4582221.264
26228	430161.78	4582882.693
45405	429172.568	4582145.511
46712	429036.072	4581751.974
44665	430777.927	4582684.617
46719	429170.931	4581706.137
44672	430912.538	4582683.896
46725	429304.074	4581752.849
44679	431048.361	4582683.615
46732	429438.131	4581706.212
44686	431871.805	4582684.827
46738	429572.785	4581752.562
44693	432001.475	4582683.222
46745	429827.715	4581705.08
46751	429976.326	4581750.052
44710	431874.342	4582950.611
19399	431996.64	4581185.267
44717	431873.944	4582819.559
44724	432002.117	4582948.793
40633	428088.673	4582416.397
46778	431047.617	4581751.776
44731	432003.138	4582820.153
40636	428091.927	4582020.172
54975	427958.323	4581712.829
46785	431213.185	4581757.612
44738	428230.921	4582547.645
54979	427984.758	4581705.006
54981	428087.205	4581692.199
44743	428364.551	4582542.003
44746	428499.084	4582549.107
54989	428068.082	4581780.028
44753	428633.779	4582548.606
54994	427999.75	4581748.661
44758	428768.496	4582549.395
46808	431719.821	4581750.064
44765	428901.573	4582547.411
21115	430077.123	4582974.712
44772	429033.796	4582547.356
23505	431718.414	4582951.589
46825	431315.839	4582302.656
44779	429169.064	4582547.919
46832	431047.936	4582486.632
45352	429436.846	4582147.61
44786	429304.626	4582547.587
48883	428051.055	4582599.833
46839	430913.891	4582504.694
41113	429705.834	4583083.603
44793	429442.889	4582547.678
46846	430778.745	4582621.652
44800	429572.58	4582548.054
46853	430562.122	4582684.43
44807	429708.2	4582547.304
46857	430508.332	4582731.81
44814	429840.593	4582547.075
46863	430333.392	4582685.711
44821	429976.558	4582548.605
46870	430368.534	4582551.268
44828	430156.436	4582550.051
46877	430364.495	4582418.677
46884	430321.502	4582282.958
44838	430512.455	4582550.643
26410	431719.266	4582686.624
46891	430312.2	4582014.245
44845	430647.932	4582550.763
45704	428235.979	4581873.866
46898	430345.82	4581881.085
44852	430778.34	4582598.253
45364	428366.751	4582145.661
44858	430775.161	4582550.715
44862	431048.154	4582549.509
46911	431450.981	4582231.56
49120	429015.237	4583292.878
44869	431162.163	4582551.321
46918	431361.798	4582279.048
45412	429572.735	4582147.26
73547	427855.855	4581714.814
44877	431316.95	4582552.009
41613	430511.731	4581576.985
46931	428096.74	4582157.778
44884	431450.835	4582551.289
46937	428097.913	4581885.496
44891	431585.206	4582549.817
46944	428553.067	4582407.161
44898	431718.828	4582548.15
46947	431715.136	4582148.031
44905	431872.266	4582550.496
41618	430778.78	4581579.295
46961	431658.609	4582143.63
44916	432000.513	4582548.236
46966	431720.47	4582111.149
69623	428340.287	4581708.321
42875	430097.42	4581332.201
20349	431180.864	4581446.699
42879	430138.484	4581327.309
44930	428902.014	4582414.938
42886	429704.023	4581631.539
44937	429035.341	4582414.165
42890	429747.283	4581646.286
42893	429744.167	4581660.527
42896	429834.4	4581661.734
42903	429885.819	4581587.53
42906	429974.267	4581500.114
44958	429708.275	4582414.838
45756	429304.868	4581879.16
44965	429840.369	4582414.061
44972	429975.947	4582416.509
46066	429034.381	4581580.299
44979	429172.597	4582412.642
44986	429305.133	4582413.748
44993	430158.533	4582417.944
41633	431046.298	4581442.72
45003	430512.308	4582415.731
49104	428896.729	4583213.571
45010	430646.747	4582416.29
49107	429031.399	4583299.525
46414	431449.495	4581580.568
49110	428952.063	4583253.034
46073	429170.257	4581580.633
45017	430779.906	4582414.725
49118	428873.332	4583198.818
45024	430914.228	4582415.82
49122	428975.574	4583313.693
49124	428810.534	4583206.621
46758	430510.517	4581752.031
45031	428231.174	4582476.593
45735	428899.842	4581878.013
49149	428746.581	4583182.149
45041	428364.909	4582439.304
40948	429034.189	4583140.672
40951	428977.011	4583224.256
40954	428497.174	4582871.031
45053	428500.636	4582404.945
49151	428758.008	4583168.784
69121	429540.505	4581384.891
69123	429599.712	4581434.69
69125	432383.668	4583134.206
69127	432262	4583167.939
69130	431719.371	4583146.345
69132	431484.932	4582945.973
69134	432327.378	4581318.856
69293	427938.211	4581989.064
69136	432226.975	4581196.157
69138	429304.497	4580511.505
69140	429089.879	4580557.429
56342	431774.393	4581912.681
69144	429344.908	4583472.91
69117	431786.566	4580860.734
55838	429663.504	4582844.213
69152	432805.383	4581692.574
69167	432520.004	4581419.077
69154	431725.082	4580892.038
57891	430364.34	4581150.309
69156	429288.684	4581020.591
69158	429399.279	4581287.258
69160	432861.844	4581519.24
69305	432655.823	4582722.107
69162	429875.451	4583236.052
69629	431616.809	4582919.073
69165	431830.892	4580867.681
57693	428305.498	4582353.235
57904	428957.847	4582770.768
69169	428910.046	4583541.152
69171	428938.2	4583565.571
69173	430404.148	4583006.97
69175	428308.498	4582925.298
69177	429348.384	4583389.482
55866	428572.565	4581524.626
69180	429441.867	4583438.701
69182	430121.582	4583080.441
69184	432763.134	4581693.845
69186	432684.36	4581892.62
69188	431203.274	4582997.979
69190	431317.194	4582833.376
69192	431384.814	4582840.087
69194	431573.637	4582804.719
69196	430882.479	4582911.529
56910	429250.511	4582343.024
69199	430584.085	4582995.067
69201	430481.722	4583008.715
69203	430281.405	4583052.855
72788	430941.539	4582580.985
69205	430177.883	4583067.829
55894	429367.527	4582754.409
69207	431555.014	4582853.408
69209	430345.815	4583049.745
69211	427948.103	4582414.396
69213	427937.709	4582067.118
69215	429501.232	4583418.792
69217	429140.492	4583648.391
69219	431445.824	4580874.2
69221	431688.7	4580909.477
69223	432684.921	4582955.981
69225	432720.23	4582280.156
69227	432688.614	4582010.943
69229	427883.884	4581342.119
69232	427904.101	4581955.08
69234	428252.604	4582960.115
55924	431510.52	4581390.804
69238	428024.832	4582711.495
73577	431143.061	4582473.498
69241	428459.447	4581005.793
69243	428551.713	4581041.879
69246	428762.702	4580893.325
69248	428798.733	4580891.461
69250	428790.074	4580759.951
56451	431923.044	4582888.018
69252	428817.265	4580649.955
69142	429303.746	4580626.398
69254	429043.895	4580582.285
69256	431127.032	4581078.268
56458	432032.18	4582094.401
69260	429342.711	4581267.15
69262	430347.589	4581188.095
69264	430426.177	4581180.888
69266	430561.538	4581124.587
69268	429776.523	4581577.279
69270	429822.983	4581489.863
69272	429661.339	4581469.032
69060	432000.868	4583155.052
69274	430970.915	4581149.874
69276	431220.662	4580983.582
55966	430223.259	4582631.244
69280	429236.965	4580479.827
69283	431872.931	4583142.385
69285	432415.72	4583115.649
69287	432129.102	4583161.075
69289	432384.892	4583120.449
69291	427955.578	4582197.672
58029	428934.111	4582402.197
69295	428739.243	4583367.304
57008	429986.659	4581402.653
69297	428857.336	4583418.504
69105	431159.875	4582996.669
69301	428360.689	4581244.067
69303	427762.66	4581772.788
69236	427912.279	4582696.242
69307	432698.494	4582660.472
56508	430247.806	4581591.843
69309	432407.813	4581387.978
69311	432374.912	4581321.086
69313	432118.18	4581116.869
69315	432047.62	4581073.544
69317	429745.309	4583320.676
69319	429832.212	4583231.945
69321	428608.695	4583208.873
69323	428544.585	4583180.473
69325	428471.601	4583143.681
69069	428405.867	4581174.116
69299	428240.14	4581348.896
56535	430653.262	4581955.05
57562	428423.235	4582644.591
69327	428350.513	4583088.714
56540	432322.929	4582889.089
56699	429268.255	4583120.26
57061	429366.846	4581953.317
69073	428638.077	4580924.063
69278	430040.782	4581223.225
69077	428823.1	4580571.316
56581	430805.356	4581168.745
56588	430865.531	4581532.349
57104	429947.242	4581460.432
73575	431596.425	4582163.619
56603	429819.383	4582354.403
68997	432709.812	4582409.678
57642	428048.51	4581524.776
58160	430896.498	4581095.164
69258	429284.096	4580662.685
69003	429250.992	4581154.292
56134	431732.649	4582483.55
69089	428303.286	4583003.457
68938	432659.637	4582816.189
68940	429469.216	4581356.809
68942	429691.415	4583337.678
68945	429926.63	4581352.346
57171	429402.046	4581552.929
68949	430938.537	4581106.159
68951	432646.286	4581914.22
68953	430536.678	4583006.211
68955	431050.437	4582926.379
68957	431273.439	4582828.769
68959	430758.108	4582916.262
68961	430632.051	4582975.996
68963	431458.164	4582816.041
68965	430095.36	4583099.947
68967	432023.364	4581013.207
68969	432130.014	4581143.219
68981	432417.231	4581427.981
68984	432669.06	4581412.607
68987	432857.112	4581584.42
68989	431587.108	4580875.425
68991	432523.505	4583135.037
68994	432706.868	4582536.491
56197	432248.789	4582482.136
68999	428074.242	4582893.988
69001	429273.081	4580930.721
57227	430120.505	4581983.491
69005	429809.711	4581516.565
69008	430462.157	4581295.775
69010	430954.13	4581167.624
69012	431313.646	4580875.245
69015	430131.097	4581175.385
69017	430565.971	4581204.566
69019	430609.037	4581207.879
69021	431177.703	4581031.954
69025	430290.538	4582761.613
56738	428964.634	4581536.328
69031	429744.943	4581502.44
69107	432815.397	4581744.039
55733	430213.984	4582963.205
58307	428912.987	4581950.139
57796	430215.731	4581242.457
69062	427956.467	4582319.638
69065	427938.345	4581298.421
69067	428260.308	4581299.967
58274	431249.755	4581942.751
69071	428413.002	4581068.835
55761	428375.74	4581949.505
69075	428757.487	4580804.344
57422	428926.356	4583106.361
69079	428777.927	4580691.8
69081	427849.535	4581934.501
69083	427932.547	4582510.037
69085	427745.38	4581696.241
69087	427718.947	4581734.667
58337	430864.655	4582351.558
56802	429743.837	4581932.054
69091	428184.783	4582953.123
69093	429277.931	4583602.744
69095	429989.08	4583187.2
69097	429592.45	4583436.149
69099	429098.094	4583658.018
56812	431031.337	4582620.677
69101	432724.737	4582140.907
69103	428635.117	4583248.692
56305	432091.442	4581512.198
68947	430296.362	4581203.756
69109	428901.868	4583511.826
57334	430108.561	4582355.361
69111	430994.197	4581116.292
69113	428865.234	4583481.52
69115	432744.718	4581778.856
58365	428964.587	4581115.595
69119	431856.863	4580853.455
