18703 2
18707 2
18712 2
18716 2
18719 2
18721 2
18724 2
18726 2
18728 2
18730 2
18732 2
18734 2
18738 2
18740 2
18743 2
18745 2
18752 2
19065 2
19067 2
19069 2
19072 2
19076 0
19080 1
19085 1
19090 2
19097 0
19104 2
19111 2
19118 0
19125 0
19132 0
19139 2
19191 2
19201 2
19247 2
19252 1
19255 1
19312 2
19315 2
19318 2
19321 2
19324 2
19329 2
19334 2
19336 2
19341 2
19346 2
19349 2
19354 2
19359 2
19364 2
19371 2
19373 2
19378 2
19385 2
19396 2
19399 2
19411 2
19416 2
19418 2
19420 2
19424 2
19427 2
19596 0
19603 0
19642 2
20349 2
20496 2
20513 2
20520 2
20527 2
20585 2
20588 2
20594 2
20599 2
20604 2
20607 2
20612 2
20620 2
20633 2
20640 2
20642 1
20648 2
20652 2
20658 2
20663 1
20752 2
20813 2
20820 2
20826 2
20829 2
20836 1
20842 2
20848 2
20856 1
20862 1
20869 1
20876 1
20887 1
20889 2
20891 2
20896 2
20901 2
20907 1
20912 1
20919 2
20926 2
20931 2
20938 2
20943 1
20948 1
20953 1
20958 2
20972 1
20977 1
20981 1
20988 1
20998 1
21009 1
21015 1
21022 1
21027 1
21036 1
21042 0
21047 2
21051 2
21056 2
21065 2
21071 2
21076 2
21081 2
21087 2
21092 2
21099 2
21105 2
21109 0
21115 0
21118 0
21122 0
21127 0
21130 2
21135 2
21139 2
21145 2
21153 2
21156 2
21161 1
21166 1
21171 1
21182 1
21199 2
21522 2
21560 2
21563 2
23030 2
23043 2
23046 2
23050 2
23053 2
23056 2
23060 2
23063 2
23350 1
23357 1
23392 1
23399 1
23448 1
23505 2
23542 1
23549 1
23556 1
23559 2
23569 1
23577 1
23584 1
23593 1
23598 1
23605 2
23611 2
23614 0
23621 0
23630 0
25032 2
25181 2
26228 0
26410 2
39771 2
39774 2
39776 2
39779 2
39781 2
39783 2
40633 2
40636 2
40948 2
40951 2
40954 2
41113 2
41116 2
41125 2
41128 2
41131 2
41133 2
41136 2
41138 2
41321 2
41613 1
41618 1
41623 1
41628 2
41633 2
41638 2
41643 2
41648 2
41653 2
41658 2
41663 2
41666 2
41671 2
41674 2
41681 2
41683 2
41686 2
41691 2
41701 2
41709 2
41714 2
41729 2
41744 2
41754 2
41764 2
41769 1
41873 2
41875 2
41877 2
41879 2
41881 2
41883 2
41886 2
41888 2
41890 2
41892 2
41895 2
41923 2
41927 2
41937 2
41945 2
41947 2
41950 2
41961 2
41964 2
41967 2
41970 2
41977 2
41979 2
41982 2
41985 2
42167 2
42175 2
42182 2
42325 2
42341 2
42344 2
42349 2
42352 2
42355 2
42360 2
42393 2
42414 2
42450 2
42458 2
42461 2
42464 2
42875 2
42879 2
42886 2
42890 2
42893 2
42896 2
42903 2
42906 2
43706 2
43712 2
43717 2
43728 2
43758 2
43761 2
43764 2
43767 2
43772 2
43774 2
43781 2
43784 2
43795 2
44067 2
44093 2
44106 2
44109 2
44114 2
44117 2
44123 2
44125 2
44128 2
44279 2
44326 2
44335 2
44355 2
44358 2
44387 2
44392 2
44399 2
44406 0
44409 2
44416 2
44423 2
44426 2
44433 2
44440 2
44447 2
44454 2
44457 2
44464 2
44473 2
44480 2
44487 2
44494 2
44501 2
44506 2
44510 2
44515 2
44522 2
44529 2
44536 2
44543 2
44548 2
44555 0
44563 2
44570 2
44577 2
44582 2
44589 2
44592 2
44599 2
44604 2
44609 2
44616 2
44623 2
44628 2
44635 0
44647 2
44658 1
44665 2
44672 2
44679 1
44686 2
44693 2
44710 2
44717 2
44724 2
44731 2
44738 2
44743 2
44746 2
44753 2
44758 2
44765 0
44772 0
44779 0
44786 2
44793 2
44800 2
44807 2
44814 0
44821 0
44828 0
44838 2
44845 1
44852 2
44858 1
44862 1
44869 1
44877 1
44884 1
44891 1
44898 2
44905 2
44916 2
44923 0
44930 0
44937 0
44944 0
44951 0
44958 2
44965 2
44972 2
44979 0
44986 0
44993 2
45003 1
45010 1
45017 1
45024 1
45031 2
45041 2
45053 2
45066 2
45073 0
45084 0
45095 0
45109 2
45117 0
45124 2
45131 2
45138 0
45145 0
45152 0
45159 0
45166 0
45173 0
45180 2
45187 2
45194 2
45201 1
45213 1
45220 2
45227 2
45234 2
45241 1
45248 1
45257 1
45264 1
45271 1
45278 1
45285 2
45292 2
45299 2
45306 1
45312 1
45319 1
45324 1
45331 0
45338 0
45345 0
45352 0
45361 2
45364 2
45370 0
45377 0
45384 0
45391 2
45398 0
45405 0
45412 0
45419 2
45426 2
45429 2
45434 2
45440 2
45443 2
45450 2
45460 2
45467 1
45474 1
45481 2
45488 1
45495 1
45504 1
45511 1
45518 1
45524 1
45531 2
45534 0
45541 0
45548 2
45555 2
45562 0
45569 0
45576 0
45583 0
45589 0
45596 2
45603 2
45608 2
45615 2
45625 2
45639 2
45646 1
45653 1
45660 1
45667 1
45674 2
45683 2
45690 2
45697 1
45704 2
45707 2
45714 0
45721 2
45728 2
45735 2
45742 2
45749 2
45756 0
45763 0
45770 0
45777 2
45784 2
45787 2
45794 1
45804 1
45817 2
45824 2
45831 1
45839 1
45846 1
45853 2
45860 2
45867 2
45874 2
45884 2
45891 2
45899 2
45906 0
45913 0
45920 0
45926 0
45934 0
45940 0
45947 2
45954 2
45963 1
45970 1
45979 1
45986 2
45996 1
46008 1
46018 1
46031 2
46038 0
46045 0
46052 2
46059 2
46066 2
46073 2
46080 2
46087 2
46094 2
46101 2
46108 2
46115 2
46122 2
46129 2
46136 2
46143 2
46150 2
46156 2
46163 2
46170 2
46177 2
46184 2
46191 1
46198 2
46205 2
46211 2
46218 2
46225 2
46232 2
46239 2
46246 2
46253 2
46260 2
46267 2
46274 2
46281 2
46288 2
46295 2
46302 2
46309 2
46316 1
46323 2
46330 1
46337 1
46344 1
46351 1
46358 2
46365 1
46370 1
46377 2
46390 2
46395 1
46402 1
46409 1
46414 1
46419 1
46424 1
46431 1
46441 1
46446 2
46453 2
46460 2
46463 2
46470 2
46477 2
46484 2
46491 2
46498 2
46505 1
46512 1
46518 1
46525 1
46532 1
46539 1
46552 1
46563 2
46572 2
46592 2
46601 2
46607 1
46611 1
46624 2
46641 2
46654 2
46660 2
46663 2
46668 2
46673 0
46678 2
46685 2
46692 2
46699 0
46705 0
46712 0
46719 0
46725 0
46732 0
46738 0
46745 2
46751 2
46758 2
46765 1
46772 1
46778 2
46785 2
46794 1
46801 1
46808 2
46813 1
46820 1
46825 1
46832 1
46839 1
46846 2
46853 1
46857 1
46863 2
46870 2
46877 2
46884 1
46891 2
46898 2
46905 0
46911 1
46918 1
46925 2
46931 2
46937 2
46944 2
46947 1
46961 1
46966 1
48883 2
49104 2
49107 2
49110 2
49118 2
49120 2
49122 2
49124 2
49149 2
49151 2
49158 2
49167 2
49169 2
49174 2
49178 2
49180 2
49281 2
52319 2
54763 2
54773 2
54782 2
54784 1
54789 2
54792 2
54799 2
54806 2
54811 2
54815 1
54820 1
54826 2
54837 2
54839 2
54849 2
54858 2
54865 2
54874 2
54885 2
54969 2
54972 2
54975 2
54977 2
54979 2
54981 2
54986 2
54989 2
54994 2
55027 2
55299 2
55304 2
69623 2
73547 2
55733 2
55761 2
55838 2
55866 2
55894 2
55924 2
55966 0
56134 2
56197 2
56305 2
56342 1
56451 2
56458 1
56508 1
56535 2
56540 2
56581 2
56588 1
56603 2
56699 2
56738 2
56802 2
56812 1
56910 0
57008 2
57061 0
57104 2
57171 2
57227 1
57334 2
57422 2
57562 2
57642 2
57693 2
57796 2
57891 2
57904 2
58029 0
58160 2
58274 2
58307 2
58337 2
58365 2
68938 2
68940 2
68942 2
68945 2
68947 2
68949 2
68951 2
68953 2
68955 2
68957 2
68959 2
68961 2
68963 2
68965 2
68967 2
68969 2
68981 2
68984 2
68987 2
68989 2
68991 2
68994 2
68997 2
68999 2
69001 2
69003 2
69005 2
69008 2
69010 2
69012 2
69015 2
69017 2
69019 2
69021 2
69025 2
69031 2
69060 2
69062 2
69065 2
69067 2
69069 2
69071 2
69073 2
69075 2
69077 2
69079 2
69081 2
69083 2
69085 2
69087 2
69089 2
69091 2
69093 2
69095 2
69097 2
69099 2
69101 2
69103 2
69105 2
69107 2
69109 2
69111 2
69113 2
69115 2
69117 2
69119 2
69121 2
69123 2
69125 2
69127 2
69130 2
69132 2
69134 2
69136 2
69138 2
69140 2
69142 2
69144 2
69152 2
69154 2
69156 2
69158 2
69160 2
69162 2
69165 2
69167 2
69169 2
69171 2
69173 2
69175 2
69177 2
69180 2
69182 2
69184 2
69186 2
69188 2
69190 2
69192 2
69194 2
69196 2
69199 2
69201 2
69203 2
69205 2
69207 2
69209 2
69211 2
69213 2
69215 2
69217 2
69219 2
69221 2
69223 2
69225 2
69227 2
69229 2
69232 2
69234 2
69236 2
69238 2
69241 2
69243 2
69246 2
69248 2
69250 2
69252 2
69254 2
69256 2
69258 2
69260 2
69262 2
69264 2
69266 2
69268 2
69270 2
69272 2
69274 2
69276 2
69278 2
69280 2
69283 2
69285 2
69287 2
69289 2
69291 2
69293 2
69295 2
69297 2
69299 2
69301 2
69303 2
69305 2
69307 2
69309 2
69311 2
69313 2
69315 2
69317 2
69319 2
69321 2
69323 2
69325 2
69327 2
69629 2
72788 2
73575 1
73577 1