18703	-2007	1
1970	
593	
18707	0	2
600	16694	
16695	16695	
18716	0	2
16670	16700	
16669	16669	
18721	0	2
16669	16669	
596	595	
18740	0	2
16695	16695	
16696	601	
18745	2	3
1751	1751	7336	
7596	602	602	
18752	1	2
602	7629	
1814	1814	
19065	1	1
12353	
514	
19067	1	1
12351	
513	
19069	1	2
512	512	
1039	12349	
19072	1	3
1039	12352	12352	
12354	12356	12354	
19076	2	3
3141	12282	12282	
12352	12352	1040	
19080	1	4
2696	2696	10152	10152	
3124	1044	3124	1044	
19085	1	4
1045	1045	17014	17014	
9733	10154	9733	10154	
19090	1	4
991	991	69622	69622	
9571	10085	9571	10085	
19097	1	4
992	992	9884	9884	
9560	9883	9560	9883	
19104	1	4
993	993	10086	10086	
9582	10087	9582	10087	
19111	1	4
994	994	9886	9886	
9594	9885	9594	9885	
19118	1	4
995	995	10088	10088	
9610	10089	9610	10089	
19125	1	4
996	996	10089	10089	
9623	10090	9623	10090	
19132	1	4
997	997	9889	9889	
9640	9888	9640	9888	
19191	1	6
8296	8296	8296	10006	10006	10006	
8297	694	691	8297	691	694	
19201	1	4
516	516	8295	8295	
10001	8296	10001	8296	
19247	0	4
10025	10025	10076	10076	
10075	10026	10075	10026	
19252	0	2
10024	10075	
10074	10074	
19255	2	4
8300	8300	13258	13258	
10061	8301	10061	8301	
19312	1	2
8302	16668	
16810	16810	
19315	1	4
1815	1815	68076	68076	
8284	13255	8284	13255	
19318	1	2
8283	13255	
13256	13256	
19321	1	2
13254	13254	
738	13253	
19324	2	4
737	737	13257	13257	
10028	10079	10028	10079	
19329	2	4
8281	8281	10080	10080	
8282	737	8282	737	
19334	0	2
13253	13253	
1813	68076	
19336	0	4
738	738	1977	1977	
13495	739	13495	739	
19341	0	4
739	739	13494	13494	
740	1976	740	1976	
19346	0	2
740	742	
741	741	
19349	0	4
743	743	744	744	
742	8276	742	8276	
19354	1	4
8256	8256	10035	10035	
8255	8277	8255	8277	
19359	1	4
8258	8258	8274	8274	
8257	8275	8257	8275	
19364	0	6
751	751	8257	8257	8257	8272	
8256	752	13245	8256	752	13245	
19371	0	1
7312	
762	
19373	1	4
762	762	1787	16811	
1788	755	755	1788	
19378	1	8
741	741	741	755	755	755	761	761	
756	7287	16811	756	7287	6940	6940	16811	
19385	1	10
756	756	756	760	6939	6939	6939	6939	7286	7286	
743	8258	757	761	761	743	8258	757	761	743	
19396	0	2
8254	8255	
8270	8270	
19399	1	11
757	759	759	759	7193	7193	7193	8275	8275	8275	8275	
758	7270	6945	760	760	758	7270	758	7270	6945	760	
19411	0	4
764	764	6974	6974	
759	753	759	753	
19420	0	3
753	753	765	
8272	766	766	
19424	0	2
766	767	
754	754	
19427	0	3
754	754	754	
803	769	763	
19596	1	4
998	998	10091	10091	
9658	10092	9658	10092	
19603	1	4
999	999	9891	9891	
9670	9890	9670	9890	
19642	0	5
763	763	768	768	7269	
7250	764	7250	764	764	
20349	1	6
8246	8246	8246	9960	9960	13250	
9959	8245	13249	8245	13249	9959	
20496	1	2
12077	14671	
16988	16988	
20513	1	2
16984	16984	
7313	16665	
20520	0	2
16810	16810	
1815	1975	
20527	1	4
1000	1000	10094	10094	
9686	10095	9686	10095	
20585	0	2
16988	16988	
16994	16990	
20588	1	5
12085	12086	16990	16990	16990	
14173	14173	12084	12082	14173	
20594	1	4
980	12103	17270	17270	
12077	14667	14667	12077	
20599	2	4
14172	14172	14172	17050	
17023	12103	980	980	
20604	0	2
14173	14173	
12078	16989	
20607	1	4
12079	12079	16989	16989	
12055	14172	12055	14172	
20612	2	8
1993	1993	3123	3123	3124	3125	3125	3125	
16615	3127	3127	3128	3127	16615	3127	3128	
20620	1	14
981	981	981	981	3205	3205	3205	3205	17011	17011	17013	17013	17013	73054	
17009	17010	17014	3122	17010	17014	3122	73054	3125	3126	17014	3122	3125	3125	
20633	2	6
3126	3126	3127	3127	3128	16442	
2012	16613	2487	2012	16613	3205	
20640	0	1
2024	
981	
20642	1	5
982	10078	10078	10079	10079	
10037	1019	10037	10037	10198	
20648	2	4
10066	10127	10127	64715	
983	747	10178	747	
20652	2	5
9791	9791	10193	10193	10207	
9897	10121	9897	10121	10208	
20658	2	4
9513	9513	10121	10121	
9793	10192	9793	10192	
20663	2	4
9744	9744	10112	10112	
10114	10205	10114	10205	
20752	1	4
8344	8344	11121	11121	
17268	8343	17268	8343	
20813	1	4
1001	1001	9947	9947	
9697	9892	9697	9892	
20820	2	3
9935	9935	10095	
10096	1002	10096	
20826	1	2
9946	64752	
9947	9947	
20829	1	4
1003	1003	10097	10097	
9951	10108	9951	10108	
20836	1	5
1005	1008	1008	9948	9948	
10110	9732	1006	9732	1006	
20842	2	6
1009	9940	9940	9940	17021	17021	
70330	10175	9915	1010	9915	1010	
20848	1	6
1006	9731	9731	9950	9950	10108	
9949	9949	10053	1004	1005	10053	
20856	1	5
1004	1004	1004	10052	10052	
10206	9955	1008	10206	1008	
20862	1	6
1010	1010	9904	10110	10174	10174	
9948	17022	17022	1009	9948	17022	
20869	1	8
9955	9955	10206	10206	10206	17022	17022	17022	
10051	1011	10177	10051	1011	10177	10051	1011	
20876	2	10
1011	1011	1011	10050	10050	10050	17008	17008	17008	70330	
10111	9939	17021	10111	9939	17021	10111	9939	17021	9939	
20889	-2007	1
10170	
1013	
20891	1	4
1013	1013	9430	9430	
10167	10168	10167	10168	
20896	1	5
9912	9914	9914	10168	10168	
9913	9911	10191	9911	10191	
20901	1	4
1012	1012	10191	10191	
9429	10169	9429	10169	
20907	1	4
10167	10167	10190	10190	
9401	10164	9401	10164	
20912	1	6
9903	9911	9911	10165	10165	10165	
9912	10190	9905	9912	10190	9905	
20919	1	6
9905	9910	9910	10163	10163	10163	
9909	1014	9903	9909	1014	9903	
20926	1	4
1014	1014	10159	10159	
9369	10162	9369	10162	
20931	1	6
9906	9906	9909	10161	10161	10161	
1015	9910	9907	9907	1015	9910	
20938	1	4
1015	1015	10157	10157	
9343	10159	9343	10159	
20943	1	4
1016	1016	10111	10111	
9941	10112	9941	10112	
20948	1	4
1017	1017	9894	9894	
9746	9893	9746	9893	
20953	1	4
1018	1018	9896	9896	
9764	9895	9764	9895	
20958	1	14
8276	8276	8276	8276	8276	10033	10033	10179	13495	13495	13495	16696	16696	16696	
13494	16671	8279	10034	10130	13494	16671	13494	8279	10034	10130	8279	10034	10130	
20972	1	4
1019	1019	10188	10188	
10029	10080	10029	10080	
20977	0	3
10063	10063	10063	
10197	10196	1020	
20981	1	6
1021	1021	1021	9782	9782	9782	
10139	9921	1024	10139	9921	1024	
20988	2	9
1024	1024	9377	9377	9377	9920	9920	10138	10138	
9780	1025	9780	1026	1025	1026	1025	9780	1026	
20998	2	10
1025	1025	1025	1026	9779	9779	9779	9779	9880	10141	
9922	9376	1027	10142	10142	9376	9922	1027	1022	1023	
21009	1	5
1022	1023	1023	1027	1027	
1021	9781	1021	9781	1021	
21015	1	6
9875	9875	9922	10145	10145	10145	
1028	9880	9859	9859	1028	9880	
21022	1	4
1028	1028	10144	10144	
9773	10141	9773	10141	
21027	1	6
1029	1029	9347	9347	10143	10143	
9770	10146	9770	10146	9770	10146	
21036	1	5
9859	9861	10148	10148	10148	
9877	9875	9875	1029	9877	
21042	1	4
514	514	1030	1030	
10189	3136	10189	3136	
21047	1	3
1237	12285	12285	
12834	12834	1031	
21051	1	4
1032	1032	12840	12840	
9672	12841	9672	12841	
21056	1	7
12120	12120	12758	12758	12758	12836	12836	
12085	1033	12085	1033	12117	12117	12085	
21065	1	5
1033	1033	1033	12082	12831	
12086	1034	12842	12842	12086	
21071	1	2
1034	12084	
12837	12837	
21076	1	4
8202	8202	12838	12838	
12839	1036	12839	1036	
21081	1	5
1036	1036	1036	12832	12842	
12843	1035	12831	12831	12843	
21087	1	4
1035	1035	12835	12835	
13188	12836	13188	12836	
21092	1	6
1038	1038	1038	12354	12354	12354	
12355	1238	12833	12355	1238	12833	
21099	1	5
1037	1037	1037	12349	12844	
12351	1038	12830	12830	12351	
21105	1	3
8201	8201	12841	
12353	1037	12353	
21109	1	5
513	1040	1040	1040	3144	
16430	512	1030	16430	512	
21115	1	2
2014	2014	
2560	1043	
21118	1	3
1043	2561	2561	
3141	3141	1041	
21122	1	4
1041	1041	2021	16430	
1042	2023	3144	2023	
21127	1	2
1042	3136	
2034	2034	
21130	1	4
1047	1048	1048	9856	
9852	1046	1049	1046	
21135	1	3
9753	9753	10153	
10150	1050	10150	
21139	1	5
1046	1050	1050	1050	9862	
9919	9919	1051	1047	1047	
21145	1	7
1049	1049	1051	1051	1051	10149	10149	
9322	17015	9322	17015	10152	17015	10152	
21153	1	2
1813	1975	
1974	1974	
21156	1	4
1052	1052	10150	10150	
9755	10147	9755	10147	
21161	1	4
9349	9349	9780	9780	
16797	1053	16797	1053	
21166	1	4
1054	1054	10134	10134	
9796	10138	9796	10138	
21171	2	10
1055	1055	1057	9808	9808	9808	9808	9808	9879	10133	
10185	9857	9410	10134	1056	10185	9857	9410	1056	10134	
21182	1	4
1058	1058	10132	10132	
9812	10133	9812	10133	
21199	0	2
1974	1974	
1977	1973	
21522	0	2
1236	12833	
1237	1237	
21560	0	2
9625	9625	
1259	1258	
21563	0	2
1258	1260	
9644	9644	
23043	1	2
1973	1976	
16664	16664	
23046	1	3
1788	16664	16664	
16984	1787	16984	
23050	0	2
16665	16665	
1751	1972	
23053	1	2
1814	1972	
16667	16667	
23056	1	3
16667	16667	17280	
16701	16666	16666	
23060	0	2
1971	1971	
1766	1978	
23063	1	2
1764	1978	
16668	16668	
23350	1	4
2078	2078	2146	2146	
16631	16795	16631	16795	
23357	1	4
2144	2144	2515	2515	
16634	2145	16634	2145	
23392	1	4
2145	2145	16633	16633	
2146	2513	2146	2513	
23399	1	4
2513	2513	2716	2716	
16796	2041	16796	2041	
23448	1	4
2135	2135	2532	2532	
16800	2044	16800	2044	
23505	1	4
2645	2645	16632	16632	
2646	16804	2646	16804	
23542	1	4
2041	2041	16797	16797	
2042	2515	2042	2515	
23549	1	4
2042	2042	16799	16799	
2043	2525	2043	2525	
23556	0	2
2043	2043	
2135	2106	
23559	1	4
2044	2044	16801	16801	
2136	2534	2136	2534	
23569	1	4
16631	16631	16794	16794	
2035	2148	2035	2148	
23577	1	4
2148	2148	2171	2171	
1989	17016	1989	17016	
23584	1	4
1989	2326	3191	17015	
3191	1987	1987	3191	
23593	0	2
1987	1987	
2176	1990	
23598	1	4
1990	1990	2038	2038	
1992	2696	1992	2696	
23605	0	2
1992	1992	
2177	1993	
23611	0	2
2012	2012	
2196	2013	
23614	1	4
2013	2013	2749	2749	
2211	2014	2211	2014	
23621	1	6
2023	2748	2748	2748	16613	16613	
16442	16442	2749	2021	2749	2021	
23630	1	2
2034	2034	
17028	3121	
25032	1	4
2646	2646	16803	16803	
2137	2647	2137	2647	
25181	0	1
2487	
2747	
26228	1	4
3121	3121	17027	17027	
2024	2748	2024	2748	
26410	1	4
2136	2136	2647	2647	
16802	3171	16802	3171	
39771	1	2
8681	8756	
9935	9935	
39774	0	1
9954	
9059	
39776	0	2
8773	9073	
7807	7807	
39779	0	1
8623	
9545	
39781	0	1
13416	
8781	
39783	0	1
8780	
13417	
40633	0	2
8144	8144	
10481	10199	
40636	0	2
10202	10202	
10487	8145	
40948	0	2
9615	9863	
8198	8198	
40951	0	2
8198	8198	
8197	11101	
40954	0	1
10045	
11122	
41113	0	2
9687	9687	
8201	9870	
41116	1	5
1031	1031	1031	12830	12843	
12832	1032	12844	12832	12844	
41125	1	2
9289	9660	
8202	8202	
41128	0	2
12834	12834	
13189	12835	
41131	0	1
12839	
12840	
41133	0	2
12837	12837	
9645	12838	
41136	0	1
12847	
12079	
41138	0	1
12078	
12846	
41321	1	6
745	745	745	749	13246	13246	
750	746	10187	750	746	10187	
41613	1	4
9941	9941	17007	17007	
13235	13238	13235	13238	
41618	1	4
9762	9762	13237	13237	
8259	9956	8259	9956	
41623	1	4
8243	8243	8259	8259	
8242	8260	8242	8260	
41628	1	4
8244	8244	8261	8261	
9942	8243	9942	8243	
41633	1	4
8245	8245	9943	9943	
8244	8262	8244	8262	
41638	0	4
8250	8250	8262	8262	
8263	8251	8263	8251	
41643	1	4
8247	8247	8265	8265	
8264	8246	8264	8246	
41648	1	4
8252	8252	8907	8907	
8253	8265	8253	8265	
41653	1	4
8248	8248	8266	8266	
8247	8267	8247	8267	
41658	1	4
8253	8253	8267	8267	
14913	8254	14913	8254	
41663	0	2
14913	14913	
8889	14914	
41666	1	4
8249	8249	8270	8270	
8268	8248	8268	8248	
41671	1	2
8273	8273	
8271	8274	
41674	1	6
746	746	10048	10048	13414	13414	
8273	744	8273	744	8273	744	
41681	0	1
8282	
13254	
41683	1	2
8279	8279	
8281	8278	
41686	1	4
10049	10049	10074	10074	
8283	8280	8283	8280	
41691	1	4
8285	8285	14914	14914	
13584	8269	13584	8269	
41701	0	2
8286	8292	
8285	8285	
41709	1	4
803	803	8277	8277	
8286	8293	8286	8293	
41714	1	4
8294	8294	10000	10000	
8295	8313	8295	8313	
41729	1	4
8297	8297	8316	8316	
10009	8298	10009	8298	
41744	1	4
8298	8298	8319	8319	
10013	8299	10013	8299	
41754	1	4
8299	8299	10018	10018	
8300	8322	8300	8322	
41764	1	4
8280	8280	8284	8284	
8325	10023	8325	10023	
41769	1	4
8301	8301	8325	8325	
8302	8326	8302	8326	
41873	0	1
8625	
13231	
41875	0	1
13214	
8627	
41879	0	1
14064	
11022	
41881	0	1
11023	
14065	
41883	0	2
10203	10203	
13315	14066	
41886	0	1
13419	
8774	
41888	0	1
11074	
7808	
41890	0	1
7808	
9492	
41892	2	2
13325	14059	
8338	8338	
41895	1	3
8338	8338	10718	
10719	14063	14063	
41923	1	3
8342	8342	10046	
11120	8344	8344	
41927	0	3
8343	8343	11230	
11229	8346	8346	
41937	0	7
8349	8350	8350	9844	9844	11047	11047	
11095	8144	9845	11095	8144	8144	9845	
41945	0	1
14920	
8345	
41947	0	2
9328	9328	
14920	8349	
41950	2	4
8346	8346	8348	8348	
11096	8350	11096	8350	
41961	0	2
10749	13218	
8352	8352	
41964	0	2
8353	8353	
10758	13217	
41967	0	2
13217	13217	
10766	8354	
41970	1	6
8356	10772	10772	10772	13216	13216	
13229	1297	8355	13229	1297	8355	
41977	0	2
8355	8355	
1298	8357	
41979	0	2
13215	13215	
10832	8358	
41982	0	2
13212	13212	
10837	8359	
41985	0	4
8359	8359	10825	10825	
10816	13214	10816	13214	
42167	2	4
8491	8810	8900	8900	
8492	8490	8490	8492	
42175	1	4
8486	8486	8494	8494	
8487	8489	8487	8489	
42325	2	8
8428	8428	8627	8778	8778	8946	8946	8946	
8433	8625	8779	8779	8433	8433	8625	8779	
42341	0	2
8433	8433	
1557	8435	
42344	1	2
8435	8774	
8436	8436	
42349	1	2
8436	8436	
8437	8780	
42352	0	2
8437	8437	
1167	8438	
42355	1	2
8438	8781	
8439	8439	
42360	1	8
8439	8439	8439	8443	8443	9035	9035	9035	
8782	16995	8623	16995	8623	8782	16995	8623	
42393	1	8
8441	8441	9285	9285	16997	16997	16997	16997	
9019	9284	17043	8443	17043	8443	9019	9284	
42414	0	3
8447	9284	9284	
9285	1217	8445	
42450	1	6
1513	1513	1513	8469	8469	8469	
8471	8764	8708	8471	8764	8708	
42458	0	2
8765	8765	
1499	8472	
42461	0	2
8472	8472	
1500	8473	
42464	1	4
8473	8473	13233	13233	
13574	8475	13574	8475	
42875	1	2
8466	8466	
8521	8468	
42879	1	4
8468	8468	8520	8520	
9050	8769	9050	8769	
42886	1	3
8456	8456	8459	
8458	8681	8457	
42890	1	2
8458	8458	
9054	8462	
42893	1	2
8460	8460	
8756	8459	
42896	1	6
8462	9059	9059	9059	9072	9072	
8464	9071	8460	8464	8460	8464	
42903	0	2
8464	8464	
9055	8465	
42906	1	4
1373	8465	17003	17003	
8466	8466	8466	9073	
43706	1	5
1353	8454	8454	8457	8457	
8456	9029	8456	8622	8455	
43712	1	4
8450	8455	8805	8805	
8454	8452	8452	8454	
43717	1	6
1208	8448	8452	8784	9026	9026	
8450	8450	8449	8450	8450	8449	
43728	1	4
8449	8449	8597	8597	
8785	8598	8448	8785	
43758	0	2
8475	8475	
8476	16844	
43761	1	2
8476	8710	
8477	16845	
43764	0	2
8477	8711	
8479	8479	
43767	1	2
8479	8679	
8481	8481	
43772	0	1
8481	
8482	
43774	1	4
1707	1707	8482	8482	
8483	8707	8483	8707	
43781	0	2
8483	8483	
1706	8485	
43784	0	2
8485	17181	
8486	8486	
43795	1	4
8499	8499	13584	13584	
8497	8906	8497	8906	
44067	0	1
9050	
8469	
44093	1	5
13251	13251	13585	13585	13585	
13244	8494	13252	13244	8494	
44106	1	1
8471	
8765	
44109	1	2
8708	8764	
17005	17004	
44114	1	1
8521	
8770	
44125	1	1
8782	
8441	
44128	1	4
8785	8785	16998	16998	
8784	16999	8784	16999	
44279	1	4
1136	1136	8598	8878	
8597	8880	8880	8597	
44326	1	5
8490	8498	8498	8889	8889	
8888	8888	8491	8888	8491	
44335	0	2
8445	8880	
8878	8447	
44355	0	1
8888	
8907	
44358	1	3
8489	8489	8492	
8810	13585	13585	
44387	0	4
8197	8197	17002	17002	
9615	9288	9615	9288	
44392	1	4
9288	9288	16994	16994	
9627	9865	9627	9865	
44399	1	4
9645	9645	9865	9865	
9646	9289	9646	9289	
44406	-2007	2
9925	9933	
9926	9927	
44409	1	4
9866	9866	17001	17001	
9290	9600	9290	9600	
44416	1	4
9291	9291	9853	9853	
9863	9867	9863	9867	
44423	0	2
9867	9867	
9866	9616	
44426	1	4
9627	9627	9868	9868	
9291	9628	9291	9628	
44433	1	4
9646	9646	9869	9869	
9868	9647	9868	9647	
44440	1	4
9292	9292	9661	9661	
9660	9869	9660	9869	
44447	1	4
9293	9293	9600	9600	
9601	9871	9601	9871	
44454	0	2
9616	9871	
9873	9873	
44457	1	4
9672	9672	9870	9870	
9292	9673	9292	9673	
44464	1	6
9628	9628	9629	9629	9873	9873	
9853	9874	9874	9853	9874	9853	
44473	1	4
9647	9647	9874	9874	
9648	9294	9648	9294	
44480	1	4
9294	9294	9662	9662	
9902	9661	9902	9661	
44487	2	4
9673	9673	9902	9902	
9674	9296	9674	9296	
44494	2	4
9296	9296	9688	9688	
9297	9687	9297	9687	
44501	1	2
9297	9297	
9698	9298	
44506	1	2
9601	9601	
9299	9602	
44510	1	2
9300	9630	
9629	9629	
44515	1	4
9301	9301	9648	9648	
9300	9649	9300	9649	
44522	1	4
9302	9302	9663	9663	
9662	9301	9662	9301	
44529	1	4
9303	9303	9674	9674	
9302	9675	9302	9675	
44536	1	4
9304	9304	9689	9689	
9688	9303	9688	9303	
44543	0	4
9305	9305	9698	9698	
9304	9699	9304	9699	
44548	2	4
9306	9306	9706	9706	
9305	9707	9305	9707	
44555	1	4
9718	9718	17028	17028	
17027	9306	9306	9717	
44563	1	4
9307	9307	9553	9553	
9308	9552	9308	9552	
44570	0	4
9308	9308	9573	9573	
9574	9309	9574	9309	
44577	0	4
9309	9309	9587	9587	
9310	9586	9310	9586	
44582	1	4
9310	9310	9602	9602	
9603	9311	9603	9311	
44589	0	2
9311	9617	
9312	9312	
44592	1	4
9312	9312	9632	9632	
9313	9630	9313	9630	
44599	1	2
9313	9649	
9650	9650	
44604	1	2
9664	9664	
9314	9663	
44609	2	4
9314	9314	9675	9675	
9676	9315	9676	9315	
44616	1	4
9315	9315	9690	9690	
9316	9689	9316	9689	
44623	0	4
9316	9316	9699	9699	
9700	9317	9700	9317	
44628	1	4
9317	9317	9707	9707	
9708	9318	9708	9318	
44635	1	7
9318	9318	9318	9717	9717	9720	9720	
9719	9319	9718	9719	9319	9319	9718	
44647	1	8
9907	10156	10156	10156	10156	10158	10158	17010	
17011	9906	9320	17013	17011	9320	17013	9906	
44658	1	4
9320	9320	9733	9733	
9734	9321	9734	9321	
44665	1	4
9322	9322	17016	17016	
9754	9323	9754	9323	
44672	1	4
9323	9323	9770	9770	
9324	16794	9324	16794	
44679	1	4
9324	9324	16795	16795	
9771	2716	9771	2716	
44686	1	4
9325	9325	9822	9822	
9326	9823	9326	9823	
44693	1	14
1323	1323	1323	1325	1325	1325	9326	9326	9326	9326	9830	9830	9830	9830	
9831	9327	1326	1324	9831	9327	1324	9831	9327	1326	1324	9831	9327	1326	
44710	1	4
9824	9824	16804	16804	
9826	9825	9826	9825	
44717	1	4
9823	9823	9835	9835	
9824	16803	9824	16803	
44724	2	4
9826	9826	9828	9828	
9829	9827	9829	9827	
44731	1	4
9829	9829	9836	9836	
9835	9830	9835	9830	
44738	0	4
9329	9329	9547	9547	
9546	9328	9546	9328	
44743	0	2
9330	9330	
9329	9565	
44746	1	4
9331	9331	9555	9555	
9553	9330	9553	9330	
44753	0	4
9332	9332	9574	9574	
9331	9575	9331	9575	
44758	1	4
9333	9333	9588	9588	
9587	9332	9587	9332	
44765	1	4
9334	9334	9603	9603	
9333	9604	9333	9604	
44772	1	4
9335	9335	9618	9618	
9617	9334	9617	9334	
44779	1	4
9336	9336	9633	9633	
9632	9335	9632	9335	
44786	1	4
9337	9337	9650	9650	
9336	9651	9336	9651	
44793	1	4
9338	9338	9665	9665	
9664	9337	9664	9337	
44800	1	4
9339	9339	9676	9676	
9338	9678	9338	9678	
44807	1	4
9340	9340	9691	9691	
9690	9339	9690	9339	
44814	1	4
9341	9341	9700	9700	
9340	9701	9340	9701	
44821	1	4
9342	9342	9708	9708	
9341	9710	9341	9710	
44828	1	7
9343	9343	9343	9719	9719	9722	9722	
9720	9342	9721	9342	9721	9720	9342	
44838	1	4
9345	9345	9734	9734	
9344	9735	9344	9735	
44845	1	4
9346	9346	9751	9751	
9753	9345	9753	9345	
44852	2	5
9877	9919	10151	10151	10151	
9862	9861	9862	1052	9861	
44858	0	2
9755	9755	
9346	9756	
44862	1	4
9348	9348	9771	9771	
9347	9772	9347	9772	
44869	1	4
1053	1053	16796	16796	
9348	9779	9348	9779	
44877	1	4
9350	9350	9795	9795	
16799	9349	16799	9349	
44884	1	4
9351	9351	16800	16800	
9350	9809	9350	9809	
44891	1	4
9352	9352	9810	9810	
16801	9351	16801	9351	
44898	1	4
9353	9353	16802	16802	
9352	9818	9352	9818	
44905	1	8
1324	1324	9354	9354	9354	9821	9821	9821	
9822	9353	1323	9822	9353	1323	9822	9353	
44916	1	4
9355	9355	9831	9831	
9354	9832	9354	9832	
44923	1	4
9358	9358	9589	9589	
9588	9356	9588	9356	
44930	1	4
9359	9359	9604	9604	
9358	9605	9358	9605	
44937	1	4
9360	9360	9619	9619	
9618	9359	9618	9359	
44944	2	4
9364	9364	9666	9666	
9665	9362	9665	9362	
44951	1	4
9365	9365	9678	9678	
9364	9679	9364	9679	
44958	1	4
9366	9366	9692	9692	
9691	9365	9691	9365	
44965	1	4
9367	9367	9701	9701	
9366	9702	9366	9702	
44972	1	4
9368	9368	9710	9710	
9367	9711	9367	9711	
44979	1	4
9361	9361	9634	9634	
9633	9360	9633	9360	
44986	1	4
9362	9362	9651	9651	
9361	9652	9361	9652	
44993	1	7
9369	9369	9369	9721	9721	9724	9724	
9722	9368	9723	9368	9723	9722	9368	
45003	1	4
9371	9371	9735	9735	
9370	9737	9370	9737	
45010	1	4
9372	9372	9750	9750	
9751	9371	9751	9371	
45017	1	4
9374	9374	9756	9756	
9372	9757	9372	9757	
45024	1	4
9375	9375	9768	9768	
9769	9374	9769	9374	
45031	1	7
9548	9548	9548	9843	9843	9845	9845	
9846	9547	9844	9547	9844	9846	9547	
45041	1	7
9565	9565	9565	9846	9846	10081	10082	
9843	9566	9847	9566	9847	9843	9843	
45053	1	9
9556	9556	9556	9556	9847	9847	9923	10204	10204	
9848	9555	10081	10082	9848	9555	10082	9555	10081	
45066	1	4
9356	9356	9575	9575	
9924	9576	9924	9576	
45073	1	8
9576	9576	9576	9576	9576	9841	9848	9848	
10181	9923	9577	9849	10182	9923	9577	9849	
45084	2	7
9590	9590	9590	9840	9840	9849	10182	
9850	9589	9841	9589	9841	9850	10183	
45095	1	10
9389	9389	9605	9605	9605	9605	9839	9850	9850	10183	
9606	9851	9840	9606	9851	10083	9840	9606	9851	10083	
45109	1	5
9838	9838	9838	9851	9851	
10180	9839	9932	9932	10180	
45117	2	4
9390	9390	9635	9635	
9391	9634	9391	9634	
45124	1	4
9384	9384	9549	9549	
9385	9548	9385	9548	
45131	1	4
9385	9385	9566	9566	
9567	9386	9567	9386	
45138	1	4
9386	9386	9557	9557	
9387	9556	9387	9556	
45145	1	4
9387	9387	9577	9577	
9578	9388	9578	9388	
45152	2	4
9388	9388	9591	9591	
9389	9590	9389	9590	
45159	1	4
9391	9391	9652	9652	
9653	9392	9653	9392	
45166	1	4
9392	9392	9667	9667	
9393	9666	9393	9666	
45173	1	4
9393	9393	9679	9679	
9681	9395	9681	9395	
45180	1	4
9395	9395	9693	9693	
9396	9692	9396	9692	
45187	1	4
9396	9396	9702	9702	
9703	9397	9703	9397	
45194	1	4
9397	9397	9711	9711	
9712	9398	9712	9398	
45201	1	7
9398	9398	9398	9723	9723	9726	9726	
9725	9399	9724	9725	9399	9399	9724	
45213	1	4
9401	9401	9737	9737	
9738	9402	9738	9402	
45220	1	4
9402	9402	9749	9749	
9403	9750	9403	9750	
45227	1	4
9403	9403	9757	9757	
9758	9404	9758	9404	
45234	1	4
9404	9404	9767	9767	
9405	9768	9405	9768	
45241	1	4
9405	9405	9774	9774	
9775	9407	9775	9407	
45248	1	6
9407	9407	9407	9781	9785	9785	
9783	9408	9782	9783	9408	9782	
45257	1	4
9376	9376	9773	9773	
9375	9774	9375	9774	
45264	1	4
9378	9378	9796	9796	
9795	9377	9795	9377	
45271	1	4
9379	9379	9809	9809	
9378	9808	9378	9808	
45278	1	4
9380	9380	9811	9811	
9810	9379	9810	9379	
45285	1	4
9381	9381	9818	9818	
9380	9819	9380	9819	
45292	1	4
9382	9382	9820	9820	
9821	9381	9821	9381	
45299	1	4
9383	9383	9832	9832	
9382	9834	9382	9834	
45306	1	5
9881	9921	10140	10140	10140	
9920	9878	9878	1054	9920	
45312	1	4
9408	9408	9798	9798	
9409	9797	9409	9797	
45319	2	4
1056	9878	10186	10186	
9881	1055	1055	1057	
45324	1	4
9410	9410	9812	9812	
9411	9811	9411	9811	
45331	2	4
9636	9636	9837	9837	
9635	9838	9635	9838	
45338	1	4
9653	9653	9927	9927	
9837	9654	9837	9654	
45345	1	4
9654	9654	9926	9926	
9421	9655	9421	9655	
45352	1	6
9422	9422	9422	9668	9668	9668	
9667	9933	9925	9667	9933	9925	
45361	0	2
9413	9413	
9549	9412	
45364	1	4
9414	9414	9567	9567	
9413	9568	9413	9568	
45370	1	4
9416	9416	9558	9558	
9557	9414	9557	9414	
45377	1	4
9417	9417	9578	9578	
9416	9579	9416	9579	
45384	1	4
9418	9418	9592	9592	
9591	9417	9591	9417	
45391	1	4
9419	9419	9606	9606	
9418	9607	9418	9607	
45398	1	4
9420	9420	9932	9932	
9419	9620	9419	9620	
45405	1	4
9421	9421	9637	9637	
9636	9420	9636	9420	
45412	1	4
9424	9424	9681	9681	
9422	9682	9422	9682	
45419	1	4
9425	9425	9694	9694	
9693	9424	9693	9424	
45426	0	2
9703	9928	
9929	9929	
45429	1	3
9426	9426	9426	
9928	9864	9931	
45434	1	3
9864	9929	9930	
9425	9425	9425	
45440	0	2
9931	9931	
9930	9704	
45443	1	4
9427	9427	9712	9712	
9426	9713	9426	9713	
45450	1	7
9429	9429	9429	9725	9725	9728	9728	
9726	9427	9727	9427	9727	9726	9427	
45460	1	4
9431	9431	9738	9738	
9430	9740	9430	9740	
45467	1	4
9432	9432	9748	9748	
9749	9431	9749	9431	
45474	1	4
9433	9433	9758	9758	
9432	9759	9432	9759	
45481	1	4
9434	9434	9766	9766	
9767	9433	9767	9433	
45488	1	4
9436	9436	9775	9775	
9434	10155	9434	10155	
45495	1	6
9437	9437	9437	9783	9783	9787	
9785	9436	9786	9436	9786	9785	
45504	1	4
9438	9438	9799	9799	
9798	9437	9798	9437	
45511	1	4
9440	9440	9807	9807	
9438	9806	9438	9806	
45518	1	5
9855	9857	10136	10136	10136	
9879	9854	9854	1058	9879	
45524	1	4
9441	9441	9814	9814	
9813	9440	9813	9440	
45531	0	2
9568	9568	
9569	9442	
45534	1	4
9442	9442	9559	9559	
9443	9558	9443	9558	
45541	1	4
9443	9443	9579	9579	
9580	9444	9580	9444	
45548	1	4
9444	9444	9593	9593	
9445	9592	9445	9592	
45555	2	4
9445	9445	9607	9607	
9608	9446	9608	9446	
45562	1	4
9446	9446	9620	9620	
9621	9447	9621	9447	
45569	1	4
9447	9447	9638	9638	
9448	9637	9448	9637	
45576	1	4
9448	9448	9655	9655	
9656	9449	9656	9449	
45583	1	4
9449	9449	9669	9669	
9450	9668	9450	9668	
45589	1	4
9450	9450	9682	9682	
9683	9451	9683	9451	
45596	1	4
9451	9451	9695	9695	
9452	9694	9452	9694	
45603	0	4
9452	9452	9704	9704	
9705	9453	9705	9453	
45608	1	4
9453	9453	9713	9713	
9714	9454	9714	9454	
45615	1	7
9454	9454	9454	9727	9727	9730	9730	
9729	9455	9728	9729	9455	9455	9728	
45625	1	9
9913	9917	9917	10171	10171	10171	10171	10173	10173	
9916	9456	9914	9916	9456	10170	9914	9456	10170	
45639	1	4
9456	9456	9740	9740	
9741	9457	9741	9457	
45646	1	4
9457	9457	9747	9747	
9458	9748	9458	9748	
45653	1	4
9458	9458	9759	9759	
9760	9459	9760	9459	
45660	1	4
9459	9459	9765	9765	
9460	9766	9460	9766	
45667	1	4
9460	9460	10155	10155	
9776	9461	9776	9461	
45674	1	6
9461	9461	9461	9786	9789	9789	
9788	9462	9787	9788	9462	9787	
45683	1	4
9462	9462	9800	9800	
9463	9799	9463	9799	
45690	1	4
9463	9463	9806	9806	
9805	9464	9805	9464	
45697	1	4
9464	9464	9815	9815	
9465	9814	9465	9814	
45704	0	2
9467	9550	
9466	9466	
45707	1	4
9468	9468	9569	9569	
9467	9570	9467	9570	
45714	1	4
9469	9469	9560	9560	
9559	9468	9559	9468	
45721	1	4
9470	9470	9580	9580	
9469	9581	9469	9581	
45728	1	4
9471	9471	9594	9594	
9593	9470	9593	9470	
45735	1	4
9472	9472	9608	9608	
9471	9609	9471	9609	
45742	1	4
9473	9473	9621	9621	
9472	9622	9472	9622	
45749	1	4
9474	9474	9640	9640	
9638	9473	9638	9473	
45756	1	4
9475	9475	9656	9656	
9474	9657	9474	9657	
45763	1	4
9476	9476	9670	9670	
9669	9475	9669	9475	
45770	1	4
9477	9477	9683	9683	
9476	9685	9476	9685	
45777	1	4
9478	9478	9697	9697	
9695	9477	9695	9477	
45784	0	2
9479	9705	
9478	9478	
45787	1	4
9480	9480	9714	9714	
9479	9715	9479	9715	
45794	1	7
9481	9481	9481	9729	9729	9732	9732	
9730	9480	9731	9480	9731	9730	9480	
45804	1	9
9915	9916	9916	10172	10172	10176	10176	10176	10176	
9917	9481	9904	9481	10174	9917	9481	10174	9904	
45817	1	4
9483	9483	9741	9741	
9482	9743	9482	9743	
45824	1	4
9484	9484	9746	9746	
9747	9483	9747	9483	
45831	1	4
9485	9485	9760	9760	
9484	9761	9484	9761	
45839	1	4
9486	9486	9764	9764	
9765	9485	9765	9485	
45846	1	4
9487	9487	9776	9776	
9486	9777	9486	9777	
45853	1	4
9489	9489	9801	9801	
9800	9488	9800	9488	
45860	1	4
9490	9490	9805	9805	
9489	9804	9489	9804	
45867	1	4
9491	9491	9816	9816	
9815	9490	9815	9490	
45874	0	10
9492	9492	9492	9492	9882	14067	14067	14067	14068	14069	
9551	10084	9493	9550	9550	9551	10084	9493	9493	9550	
45884	1	5
9493	9493	10098	10098	69616	
991	9494	991	9494	9494	
45891	1	4
9494	9494	10099	10099	
9496	992	9496	992	
45899	1	4
9496	9496	10100	10100	
993	9497	993	9497	
45906	2	4
9497	9497	10101	10101	
9499	994	9499	994	
45913	1	4
9499	9499	10102	10102	
995	9501	995	9501	
45920	1	3
9501	10103	10103	
9502	996	9502	
45926	2	4
9502	9502	10104	10104	
9503	997	9503	997	
45934	1	3
9503	10105	10105	
9504	998	9504	
45940	1	4
9504	9504	10106	10106	
9505	999	9505	999	
45947	1	4
9505	9505	10107	10107	
1000	9506	1000	9506	
45954	1	6
9488	9488	9488	9788	9788	9792	
9789	9487	9791	9487	9791	9789	
45963	2	4
9507	9507	10205	10205	
9509	1017	9509	1017	
45970	1	6
9509	10114	10114	10116	10116	10116	
9510	9762	10115	9762	10115	9510	
45979	1	4
9510	9510	10118	10118	
9511	1018	9511	1018	
45986	1	7
9511	9511	10117	10117	10119	10119	10119	
9513	10207	9778	9513	9778	9513	10207	
45996	1	9
9514	9514	9802	9802	9802	9802	9899	9899	10209	
10122	9515	10122	9515	9801	9898	9801	9898	9515	
46008	1	6
9515	10122	10122	10124	10124	10124	
9516	9803	10123	9803	10123	9516	
46018	1	7
9516	9516	9901	9901	10126	10126	10126	
9518	9816	9816	9900	9518	9816	9900	
46031	1	4
9520	9520	9571	9571	
9519	9572	9519	9572	
46038	1	4
9521	9521	9563	9563	
9561	9520	9561	9520	
46045	1	4
9522	9522	9582	9582	
9521	9583	9521	9583	
46052	1	4
9523	9523	9596	9596	
9595	9522	9595	9522	
46059	1	4
9524	9524	9610	9610	
9523	9611	9523	9611	
46066	1	4
9526	9526	9623	9623	
9524	9624	9524	9624	
46073	1	4
9527	9527	9642	9642	
9641	9526	9641	9526	
46080	1	4
9528	9528	9658	9658	
9527	9659	9527	9659	
46087	1	4
9530	9530	16999	16999	
9671	9528	9671	9528	
46094	1	4
9536	9536	9659	9659	
16997	16998	16997	16998	
46101	1	4
9535	9535	9644	9644	
9536	9642	9536	9642	
46108	1	4
9534	9534	9624	9624	
9625	9535	9625	9535	
46115	1	4
9533	9533	9611	9611	
9612	9534	9612	9534	
46122	1	4
9532	9532	9597	9597	
9533	9596	9533	9596	
46129	1	4
9583	9583	10211	10211	
9584	9532	9584	9532	
46136	1	4
9531	9531	9564	9564	
10211	9563	10211	9563	
46143	0	4
9537	9537	9584	9584	
9585	9538	9585	9538	
46150	0	3
9538	9539	9598	
9597	9597	9597	
46156	1	4
9540	9540	9612	9612	
9539	9613	9539	9613	
46163	1	4
1259	1259	9541	9541	
9540	9626	9540	9626	
46170	1	4
9545	9545	9626	9626	
9544	16996	9544	16996	
46177	1	4
9544	9544	9613	9613	
9543	9614	9543	9614	
46184	1	4
9543	9543	9599	9599	
9598	9542	9598	9542	
46191	2	4
9794	9794	10192	10192	
9514	10120	9514	10120	
46198	1	4
16995	16995	17043	17043	
1260	9541	1260	9541	
46205	2	3
9939	10113	10113	
9507	1016	9507	
46211	1	4
9614	9614	9944	9944	
9934	9945	9934	9945	
46218	1	4
10017	10017	10022	10022	
10018	10016	10018	10016	
46225	1	4
10013	10013	10016	10016	
10011	10012	10011	10012	
46232	1	4
10009	10009	10011	10011	
10008	9989	10008	9989	
46239	1	4
9988	9988	10008	10008	
10006	10005	10006	10005	
46246	1	4
10001	10001	10005	10005	
10003	9985	10003	9985	
46253	1	4
9984	9984	10003	10003	
10000	9999	10000	9999	
46260	1	4
9827	9827	9996	9996	
9983	9997	9983	9997	
46267	1	4
9985	9985	10002	10002	
9986	10004	9986	10004	
46274	1	4
9987	9987	10004	10004	
10007	9988	10007	9988	
46281	1	4
9327	9327	9993	9993	
9987	9995	9987	9995	
46288	1	4
9990	9990	9992	9992	
9993	9355	9993	9355	
46295	1	4
9989	9989	10007	10007	
9990	10010	9990	10010	
46302	1	4
9991	9991	10014	10014	
9992	9383	9992	9383	
46309	1	4
10010	10010	10012	10012	
9991	10015	9991	10015	
46316	1	4
9981	9981	10020	10020	
9982	10014	9982	10014	
46323	1	4
9982	9982	10015	10015	
10021	10017	10021	10017	
46330	1	4
9411	9411	9819	9819	
9978	9979	9978	9979	
46337	1	4
9979	9979	10038	10038	
9980	9820	9980	9820	
46344	1	4
9834	9834	9980	9980	
10019	9981	10019	9981	
46351	1	4
9465	9465	9976	9976	
9974	9977	9974	9977	
46358	1	4
9973	9973	9974	9974	
9491	9970	9491	9970	
46365	1	4
8278	8278	10029	10029	
10030	10047	10030	10047	
46370	2	6
9518	10125	10125	10128	10128	10128	
9971	9968	10127	9968	10127	9971	
46377	1	8
10032	10130	10131	10131	10131	10131	10178	10178	
10033	10129	10129	10048	10179	10033	10048	10179	
46390	1	4
10028	10028	10037	10037	
10049	10025	10049	10025	
46395	1	4
9942	9942	9956	9956	
9957	9763	9957	9763	
46402	1	4
9778	9778	9957	9957	
9943	9958	9943	9958	
46409	1	4
8264	8264	9962	9962	
9963	9802	9963	9802	
46414	1	4
9803	9803	9963	9963	
8266	9964	8266	9964	
46419	1	4
8268	8268	9964	9964	
9965	9817	9965	9817	
46424	1	4
9965	9965	9968	9968	
9969	9966	9969	9966	
46431	1	6
9793	9958	9958	9958	9959	9959	
9960	9960	9962	9794	9962	9794	
46441	0	4
989	989	10054	10054	
17007	17008	17007	10050	
46446	1	4
9951	9951	9952	9952	
9954	17003	9954	17003	
46453	1	4
9937	9937	10109	72127	
1003	9950	1003	9950	
46460	0	2
9290	10040	
17020	17020	
46463	1	4
10039	10039	10041	10041	
9293	10040	9293	10040	
46470	1	4
17000	17000	17017	17017	
10042	10041	10042	10041	
46477	1	4
10042	10042	10043	10043	
10044	9573	10044	9573	
46484	1	4
9299	9299	9586	9586	
10039	10043	10039	10043	
46491	1	4
9552	9552	10044	10044	
10045	10046	10045	10046	
46498	2	4
1002	1002	9506	9506	
9936	1001	9936	1001	
46505	1	4
10023	10023	10061	10061	
10022	10060	10022	10060	
46512	1	4
10021	10021	10060	10060	
10059	10024	10059	10024	
46518	1	4
10026	10026	10059	10059	
10020	10057	10020	10057	
46525	1	4
10019	10019	10057	10057	
10056	10027	10056	10027	
46532	2	4
10056	10056	10062	10062	
10038	10055	10038	10055	
46539	1	8
990	10065	10065	10071	10071	10071	10072	10072	
10063	10073	10062	10073	10062	10063	10062	10063	
46552	1	6
9977	9977	9977	10069	10069	10069	
10036	10071	990	10036	10071	990	
46563	1	4
10030	10030	10068	10068	
10069	9973	10069	9973	
46572	2	9
983	983	983	9971	9971	9971	10031	10129	10129	
10032	10068	9972	64715	10032	10068	10068	10068	9972	
46592	1	6
747	747	9966	9966	10187	10187	
749	13414	13414	10066	13414	10066	
46601	1	5
9967	9967	9969	9969	9969	
8249	10035	8249	10035	745	
46607	0	3
10027	10027	10027	
10077	10078	10076	
46611	1	6
10036	10036	10073	10073	10077	10198	
10188	982	10188	982	10072	10072	
46624	1	14
1326	1326	1326	1327	1327	1327	9986	9986	9986	9986	9995	9995	9995	9995	
1328	9996	9836	9996	9836	1325	1328	9996	9836	1325	1328	9996	9836	1325	
46641	1	10
1328	1328	1328	1329	1329	1329	9983	9983	9998	9998	
10002	9984	1330	1327	10002	9984	10002	9984	10002	9984	
46654	1	5
7807	7807	10053	17006	17006	
10052	9952	9952	10052	9952	
46660	1	3
9936	64751	64751	
9937	9937	64752	
46663	1	4
8622	8622	9686	9686	
9530	8805	9530	8805	
46668	0	4
8345	8345	9546	9546	
9307	8342	9307	8342	
46673	1	2
9298	10189	
9706	9706	
46678	1	4
9570	9570	9883	9883	
9882	10098	9882	10098	
46685	1	4
9561	9561	10085	10085	
10086	10099	10086	10099	
46692	1	4
9581	9581	9885	9885	
9884	10100	9884	10100	
46699	1	3
9595	9595	10087	
10088	10101	10088	
46705	1	4
9609	9609	9887	9887	
9886	10102	9886	10102	
46712	1	4
9622	9622	9888	9888	
9887	10103	9887	10103	
46719	2	3
9641	9641	10090	
10091	10104	10091	
46725	1	4
9657	9657	9890	9890	
9889	10105	9889	10105	
46732	1	3
9671	9671	10092	
10094	10106	10094	
46738	1	4
9685	9685	9892	9892	
9891	10107	9891	10107	
46745	1	4
9071	9071	10096	10096	
10097	64751	9072	10097	
46751	1	5
9715	9715	9715	9949	9949	
9946	10109	72127	9946	10109	
46758	2	4
9743	9743	9893	9893	
9940	10113	9940	10113	
46765	1	4
9761	9761	9895	9895	
9894	10116	9894	10116	
46772	1	3
9763	9763	10115	
10117	10118	10117	
46778	1	4
9777	9777	9897	9897	
9896	10119	9896	10119	
46785	2	6
9898	9898	10120	10120	10120	10208	
9792	10193	10209	9792	10193	10209	
46794	1	4
9804	9804	9900	9900	
9899	10124	9899	10124	
46801	1	4
9817	9817	10123	10123	
10125	10126	10125	10126	
46808	2	3
9970	9970	9972	
9901	10128	9901	
46813	1	4
10034	10034	10047	10047	
10031	10131	10031	10131	
46820	1	2
9813	10137	
10136	10136	
46825	1	4
9797	9797	10139	10139	
10135	10140	10135	10140	
46832	1	4
9772	9772	10142	10142	
10143	10145	10143	10145	
46839	1	4
9769	9769	10147	10147	
10144	10148	10144	10148	
46846	2	4
9754	9754	10146	10146	
10149	10151	10149	10151	
46853	1	3
9321	9321	10154	
10153	1048	10153	
46857	1	5
1044	1044	1044	3122	9852	
3123	1045	9856	9856	3123	
46863	1	4
9319	9319	17009	17009	
10157	10156	10157	10156	
46870	1	4
9344	9344	10160	10160	
10158	10161	10158	10161	
46877	1	4
9370	9370	10164	10164	
10160	10163	10160	10163	
46884	1	4
9399	9399	10162	10162	
10166	10165	10166	10165	
46891	1	4
9455	9455	10169	10169	
10172	10171	10172	10171	
46898	1	4
9482	9482	10175	10175	
10173	10176	10176	10173	
46905	1	4
10083	10083	10180	10180	
9390	9619	9390	9619	
46911	1	4
10184	10184	10185	10185	
9807	10137	9807	10137	
46918	2	4
9409	9409	10135	10135	
10184	10186	10184	10186	
46925	1	4
10199	10199	10483	10483	
10201	9384	10201	9384	
46931	1	3
9412	9412	10201	
10484	10202	10202	
46937	1	4
8145	8145	9466	9466	
10533	10203	10533	10203	
46944	0	2
9924	10181	
10204	10204	
46947	2	10
9978	9978	9978	9978	10055	10055	10055	10196	10197	10197	
10132	9855	10195	10210	10132	9855	10195	10195	10132	9855	
46961	2	2
9854	10195	
10194	9441	
46966	1	5
1020	10194	10194	10210	10210	
9976	9976	10065	9976	10065	
48883	0	2
11095	11096	
11097	11097	
49104	0	2
11104	11104	
17001	14666	
49107	0	2
11105	11105	
17002	14671	
49110	1	4
11101	11101	14666	14666	
14669	11100	14669	11100	
49124	0	2
14665	14665	
11106	11107	
49151	1	4
11107	11107	11108	11108	
14659	11130	14659	11130	
49158	1	6
11128	11128	11128	14659	14659	14659	
11115	14661	14658	11115	14661	14658	
49169	1	2
11130	11131	
11102	11102	
49174	1	2
17018	17018	
17017	11132	
49180	2	16
11120	11120	11122	11122	11122	11122	11122	11133	11133	11133	11133	11133	14658	14658	14658	14658	
17000	17018	17000	17018	11127	14656	11121	11121	17000	17018	11127	14656	11127	14656	11121	17000	
49281	1	4
11132	11132	17020	17020	
11129	11128	11129	11128	
52319	1	4
11100	11100	12080	12080	
11098	14665	11098	14665	
54763	1	9
10051	10177	13232	13232	13232	17004	17004	17005	17005	
17006	17006	989	10054	17006	989	10054	989	17006	
54773	1	8
9572	9572	9572	9572	13221	13221	13225	13225	
13224	10720	13219	9531	10720	13219	9531	13224	
54782	0	1
13256	
13257	
54784	1	4
13236	13236	13238	13238	
13237	9744	13237	9744	
54789	1	2
8263	13244	
13239	13239	
54792	1	7
750	750	8271	8271	8271	13245	13245	
9967	751	13246	9967	751	13246	9967	
54799	1	6
8251	8251	8251	13249	13252	13252	
13251	8252	13250	13251	8252	13250	
54806	1	4
8707	8707	8707	13239	
8250	8261	13240	13240	
54811	1	3
8260	8260	13240	
13242	8679	13242	
54815	1	4
8242	8242	13234	13234	
13236	8241	13236	8241	
54820	1	5
13242	13242	16844	16845	16845	
13234	13243	13234	13234	13243	
54826	1	6
8241	8241	13235	13235	13243	13243	
13232	13233	13232	13233	13232	13233	
54837	0	1
13231	
13213	
54839	1	9
8358	10834	10834	10834	13213	13213	13421	13421	13421	
13212	13212	13419	13230	13419	13230	13230	13212	13419	
54849	1	8
8357	9934	9934	10798	10798	13230	13418	13418	
13215	8356	13215	13215	8356	8356	8356	13215	
54858	1	6
8354	8354	8354	13229	13229	13229	
13216	9944	9599	9944	9599	13227	
54865	1	8
8352	9542	9542	9585	9585	10757	10757	13227	
8353	13226	8353	13226	8353	8353	13226	13226	
54874	1	10
10723	10723	10723	10723	10723	13219	13219	13226	13226	13226	
10739	13218	9537	9564	13225	10739	13218	9537	9564	13225	
54885	1	6
9519	9519	9551	9551	13222	13224	
13223	13221	13223	13221	13221	13223	
54969	0	2
14066	14070	
13310	13310	
54972	0	2
13310	13310	
14068	14069	
54981	1	5
13223	13223	14063	14063	14063	
14067	14062	13222	14067	14062	
54986	0	2
14062	14062	
14070	14061	
54989	1	4
13315	13315	14061	14061	
14064	14060	14064	14060	
54994	1	3
14060	14060	14065	
11068	14059	14059	
55299	0	4
13417	13417	13420	13420	
13418	13421	13418	13421	
55304	1	4
9945	9945	16996	16996	
13420	13416	13420	13416	
69623	0	2
10084	10084	
69622	69616	
73547	-2007	1
11073	
73546	