0	55733	55761	55838	55866	55894	55924	55966	56134	56197	56305	56342	56451	56458	56508	56535	56540	56581	56588	56603	56699	56738	56802	56812	56910	57008	57061	57104	57171	57227	57334	57422	57562	57642	57693	57796	57891	57904	58029	58160	58274	58307	58337	58365	69152	69154	69156	69158	69160	69162	69165	69167	69169	69171	69173	69175	69177	69180	69182	69184	69186	69188	69190	69192	69194	69196	69199	69201	69203	69205	69207	69209	69211	69213	69215	69217	69219	69221	69223	69225	69227	69229	69232	69234	69236	69238	69241	69243	69246	69248	69250	69252	69254	69256	69258	69260	69262	69264	69266	69268	69270	69272	69274	69276	69278	69280	69283	69285	69287	69289	69291	69293	69295	69297	69299	69301	69303	69305	69307	69309	69311	69313	69315	69317	69319	69321	69323	69325	69327	69629	72788	73575	73577
55733	0	0	0	0	0	0	0	0	0	0	0	0	0	0	0	0	0	0	0	0	0	0	0	0	0	0	0	0	0	0	0	0	0	0	0	0	0	0	0	0	0	300	0	0	0	0	0	0	7.71875	0	0	480	0	0	0	0	0	0	0	0	0	0	0	0	0	0	0	0	0	0	0	0	0	27.3125	0	0	0	0	0	0	0	0	0	0	0	0	0	0	0	0	0	0	0	0	0	0	0	0	0	0	0	0	0	0	0	0	0	0	0	0	0	0	5.9375	0	0	0	0	0	0	0	0	0	0	0	0	0	0	0	0	0	0	0
55761	0	0	0	4.75	0	0	0	0	0	0	0	0	0	14.8438	0	0	0	0	0	0	442.938	0	0	0	0	0	0	162.094	0	0	0	1.1875	51.6562	2.375	0	0	0	0	0	0	2.375	0	191.188	0	0	10.6875	226.812	0	0	0	0	0	0	0	143.688	0	0	0	0	0	0	0	0	0	0	0	0	0	0	0	0	10.6875	61.1562	0	0	0	0	0	0	0	0	5.9375	0	156.75	0	25.5312	0	0	69.4688	1.78125	0	14.8438	0	0	32.6562	0	0	0	0	1.78125	57.5938	0	0	7.71875	84.3125	0	0	0	0	0	1.1875	0	1.1875	353.281	52.8438	66.5	0	0	0	0	0	0	0	0	1.1875	0	68.2812	0	0	0	0	0
55838	1.78125	0	0	0	0	0	1.78125	0	0	0	0	0	0	769.5	0	0	0	14.8438	1.78125	0	0	1.1875	0	0	0	0	0	0	1700.59	246.75	0	0	0	0	0	1.1875	0	0	0	0	0	1.78125	0	0	0	0	1.78125	0	0	0	0	0	0	5.34375	0	0	0	0	0	0	0	0	0	0	0	0	0	0	0	0	0	0	0	0	0	0	0	0	0	0	0	0	0	0	0	0	0	0	0	0	0	0	0	0	0	0	0	5.9375	0	1.78125	0	0	0	0	0	0	0	0	0	0	0	0	22.5625	0	0	0	0	0	0	0	0	0	0	0	1.1875	0	0	0	0	0	0	0
55866	0	0	0	0	0	0	0	0	0	0	0	0	0	0	0	0	0	0	0	0	0	13.6562	0	0	0	0	0	0	2.96875	0	0	0	1.1875	0	0	0	0	0	0	2.375	0	0	0	0	0	4.15625	0	0	0	0	0	0	0	0	0	0	0	0	0	0	0	0	0	0	0	0	0	0	0	0	0	0	0	0	0	0	0	0	0	0	0	2.96875	0	5.34375	0	14.25	0	0	60.5625	1.1875	0	21.9688	0	0	0	0	0	0	0	0	0	0	0	0	202.469	0	0	0	0	0	0	0	0	0	0	26.7188	0	0	0	0	0	0	0	0	0	0	6.53125	1.1875	0	0	0	0
55894	13.6562	0	74.2188	0	0	0	856.25	0	0	0	0	0	0	0	0	0	0	0	0	106.281	0	0	2.375	0	0	0	0	0	1.1875	2.96875	0	0	0	0	0	0	0	0	0	0	0	2.375	0	0	0	0	0	0	0	0	0	0	0	1.1875	0	32.0625	440.562	0	0	0	0	0	0	0	0	0	0	0	1.1875	0	3.5625	0	0	0	1.1875	0	0	0	0	0	0	0	0	0	0	0	0	0	0	0	0	0	0	0	0	0	0	0	0	0	0	0	0	0	0	0	0	0	0	0	0	0	17.8125	0	0	0	0	0	0	0	0	0	26.125	2.96875	0	0	13.0625	0	0	0	0	0
55924	0	0	0	0	0	0	0	0	0	1.78125	0	0	0	5.9375	0	0	11.875	30.875	2.375	0	0	0	0	17.2188	0	0	0	0	0	0	0	0	0	0	0	0	0	0	0	0	0	0	0	0	0	0	0	7.71875	0	0	0	0	0	0	0	0	0	0	0	0	0	0	0	0	0	0	0	0	0	0	0	0	0	0	0	350.312	83.125	0	5.34375	6.53125	0	0	0	0	0	0	0	0	0	0	0	0	0	0	0	0	0	7.71875	0	0	0	0	0	5.34375	0	0	0	0	0	0	0	0	0	0	0	0	0	0	0	0	0	0	0	0	0	0	0	0	0	0	0	0
55966	0	0	0	0	1.1875	0	0	0	0	0	0	0	0	6.53125	0	0	2.375	5.34375	28.5	209	0	40.9688	0	0	0	0	0	0	1.1875	2.375	1.1875	0	0	0	0	0	0	0	0	0	0	0	0	0	0	0	0	0	37.4062	0	0	37.4062	10.0938	3.5625	0	1.1875	4.75	0	0	0	0	0	0	0	0	0	0	0	1.1875	0	0	0	0	0	27.3125	0	0	0	0	0	0	0	0	0	0	0	0	0	0	0	0	0	0	0	0	0	0	495.188	0	1.1875	0	0	0	2.96875	0	0	0	0	0	0	0	0	616.906	0	0	0	0	0	0	0	0	0	12.4688	1.1875	4.75	0	7.125	0	0	0	0	0
56134	312.5	0	0	0	0	0	0	0	0	0	0	1.1875	0	5.34375	34.4375	0	0	0	0	0	0	72.4375	0	0	0	57.5938	0	0	184.344	531.25	0	0	0	0	0	0	0	0	0	0	10.6875	30.875	0	0	0	0	0	0	0	0	0	0	194.031	0	0	0	0	0	0	0	0	0	0	0	0	0	0	0	0	0	0	0	0	0	0	0	1.1875	3.5625	8.90625	0	0	0	0	0	0	0	0	0	0	0	0	0	0	0	0	0	0	0	0	2.96875	0	0	0	5.9375	0	0	0	0	0	0	0	0	4.15625	0	0	0	11.2812	0	0	0	0	0	0	0	0	0	0	0	0	0	0	0
56197	0	0	0	0	0	0	0	1.1875	0	0	0	1.78125	0	0	0	1.1875	0	0	0	0	0	0	0	0	0	0	0	0	11.2812	0	0	0	0	0	0	0	0	0	0	0	0	0	0	0	0	0	0	0	0	0	0	0	0	0	0	0	0	0	0	0	0	0	0	0	0	0	0	0	0	1.1875	0	0	0	0	0	0	0	269.562	0	0	0	0	0	0	0	0	0	0	0	0	0	0	0	0	0	0	0	0	0	0	0	0	0	0	0	0	0	19.5938	0	0	0	0	0	0	0	0	86.6875	0	0	0	0	0	0	0	0	0	0	0	0	0	0	0
56305	0	0	0	0	0	2.375	0	328.75	2.375	0	0	0	0	1.1875	0	0	2.375	9.5	0	0	0	0	0	0	0	0	0	0	0	0	0	0	0	0	0	0	0	0	0	0	0	0	0	0	33.8438	0	0	12.4688	0	54.625	0	0	0	0	0	0	0	0	0	93.8125	0	44.5312	0	0	0	0	0	0	0	0	0	0	0	0	0	0	5.34375	2.375	69.4688	7.71875	0	0	0	0	0	0	0	0	0	0	0	0	0	0	0	0	0	0	0	0	0	0	0	0	0	0	0	0	0	0	0	0	0	0	0	0	16.625	0	0	0	0	11.2812	0	0	0	0	0	0	0	0	0	0
56342	0	0	0	0	0	5.34375	0	0	0	0	0	0	0	0	0	0	0	0	0	0	0	0	0	0	0	0	0	0	0	0	0	0	0	0	0	0	0	0	0	0	0	0	0	0	0	0	0	21.375	0	0	0	0	0	0	0	0	0	0	0	0	0	0	0	0	0	0	0	0	0	0	0	0	0	0	0	1.1875	164.469	1.1875	105.688	156.156	0	0	0	0	0	0	0	0	0	0	0	0	0	0	0	0	0	0	0	0	0	0	0	0	0	0	0	0	0	0	0	0	0	0	0	0	4.75	0	0	4.75	0	0	0	0	0	0	0	0	0	0	0	0
56451	0	0	0	0	0	0	0	1.1875	0	0	0	0	0	0	48.6875	1.78125	0	0	0	0	0	14.8438	1.1875	0	0	9.5	0	0	267.781	0	0	0	0	0	0	0	0	0	0	0	0	35.0312	0	0	0	0	0	1.78125	5.34375	0	0	20.7812	77.1875	124.094	0	0	0	25.5312	0	0	0	0	0	0	0	0	0	0	15.4375	752.281	20.7812	0	0	0	0	0	0	11.875	0	0	0	0	0	0	0	0	0	0	0	0	0	0	0	0	0	0	0	0	0	0	0	0	0	0	0	0	0	1.78125	0	0	0	0	17.8125	0	0	0	0	0	0	0	0	0	0	0	0	0	2.375	0	0	0	0	0
56458	0	0	0	0	0	0	0	0	0	0	0	0	0	0	0	0	0	0	0	0	0	0	0	0	0	0	0	0	0	0	0	0	0	0	0	0	0	0	0	0	0	0	0	0	0	0	0	0	0	0	0	0	0	0	0	0	0	0	0	0	0	0	0	0	0	0	0	0	0	0	0	0	0	0	0	0	0	0	0	0	0	0	0	0	0	0	0	0	0	0	0	0	0	0	0	0	0	0	0	0	0	0	0	0	0	0	0	0	0	0	0	0	0	0	0	0	0	0	0	0	0	0	0	0	0	0	0	0	0	0	0	0
56508	0	0	0	0	0	0	0	1.1875	0	650	295.094	0	0	0	0	0	0	0	0	0	0	0	0	0	0	0	600	0	0	0	0	0	0	0	0	2.375	0	0	0	740	0	256.25	0	415.625	0	0	0	0	0	0	0	0	0	0	0	0	0	0	0	0	0	0	0	0	0	0	0	0	0	0	0	0	0	0	0	4.15625	0	0	0	0	0	0	0	0	0	0	0	0	0	0	0	0	9.5	0	0	0	0	17.8125	0	0	0	0	0	30.875	0	0	0	0	0	0	0	0	0	0	0	0	0	0	0	0	0	0	0	0	0	0	0	0	0	0	0	0
56535	0	0	0	0	0	1.1875	0	2.375	0	0	0	0	0	0	0	0	0	1.78125	0	0	0	0	0	0	0	0	0	0	0	0	0	0	0	0	0	0	0	0	0	0	0	1.78125	0	0	0	0	0	0	0	0	0	0	0	0	0	0	0	0	0	0	10.0938	3.5625	2.375	0	5.9375	0	0	0	0	0	0	0	0	0	0	0	0	0	7.71875	0	0	0	0	0	0	0	0	0	0	0	0	0	0	0	0	0	0	2.375	0	0	0	0	0	1.1875	0	0	0	0	0	0	0	0	0	0	0	0	0	0	0	0	0	0	0	0	0	0	0	0	0	0	0	0
56540	0	0	0	0	0	0	0	0	0	0	0	1.1875	0	0	176.344	0	0	0	0	0	0	49.2812	1.78125	0	0	0	0	0	209.281	0	0	0	0	0	0	0	0	0	0	0	0	29.0938	0	0	0	0	0	0	2.96875	0	0	31.4688	76	48.0938	0	0	0	7.125	0	0	0	0	0	0	0	0	0	0	18.4062	0	7.125	0	0	2.375	0	0	2.375	3.5625	0	0	0	0	0	0	0	0	0	0	0	0	0	0	0	0	0	0	0	0	0	0	0	0	0	0	0	0	0	1.1875	0	0	0	0	38.5938	0	0	0	0	0	0	0	0	0	0	0	0	0	0	0	0	0	0	0
56581	0	0	0	0	0	0	0	0	0	0	0	0	0	200	0	0	0	0	0	0	0	0	0	0	0	0	0	0	0	0	0	0	0	0	0	0	0	0	0	0	0	0	0	0	0	0	0	0	0	0	0	0	0	0	0	0	0	0	0	0	0	0	0	0	0	0	0	0	0	0	0	0	0	0	0	0	0	0	0	0	0	0	0	0	0	0	0	0	0	0	0	0	0	0	0	0	0	0	0	0	0	0	0	16.0312	0	0	0	0	0	0	0	0	0	0	0	0	0	0	0	0	0	0	0	0	0	0	0	0	0	0	0	0
56588	0	0	0	0	0	0	0	17.2188	0	54.625	169.812	0	0	2.375	0	0	0	0	0	3.5625	0	0	1.78125	7.71875	0	0	0	0	0	0	0	0	0	0	0	0	0	0	0	36.2188	0	0	0	2048.44	0	0	0	0	0	0	0	0	0	0	0	0	0	0	0	0	9.5	4.15625	2.96875	0	1.78125	0	0	0	0	0	0	0	0	0	0	1.1875	0	0	55.2188	0	0	0	0	0	0	0	0	0	0	0	0	0	1.1875	0	0	0	0	17.2188	0	0	0	0	0	19	0	0	0	0	0	0	0	0	0	0	0	0	0	0	0	0	0	0	0	0	0	0	0	0	0	0	0	0
56603	0	0	0	0	0	0	6.53125	8.90625	0	0	0	0	0	1.1875	0	0	0	0	0	90.8438	0	0	0	20.375	0	0	0	0	1.78125	4.15625	0	0	0	0	0	0	0	0	0	0	0	2.375	0	0	0	0	0	0	7.125	0	0	0	0	4.75	0	20.7812	3.5625	2.375	0	0	14.8438	0	0	0	8.3125	0	0	0	14.8438	0	1.1875	0	0	0	4.15625	0	0	0	0	0	0	0	0	0	0	0	0	0	0	0	0	0	0	0	0	0	0	0	0	0	0	0	0	0	0	0	0	0	0	0	0	0	7.125	0	0	0	0	0	0	0	0	0	548.031	162.688	0	0	0	0	0	0	0	0
56699	7.71875	0	71.875	0	1.1875	0	4.75	0	0	0	0	0	0	10.6875	0	0	0	0	0	0	0	0	0	0	0	0	0	0	21.375	15.4375	0	0	0	0	0	0	0	0	0	0	0	0	0	0	0	0	0	0	0	0	0	0	0	0	0	2.96875	11.2812	0	0	0	0	0	0	0	0	0	0	0	0	0	0	0	0	0	0	0	0	0	0	0	0	0	0	0	0	0	0	0	0	0	0	0	0	0	0	0	0	0	0	0	0	0	0	0	0	0	0	0	0	0	0	0	621.656	0	0	0	0	0	0	0	0	0	0	0	18.4062	0	0	1.1875	0	0	0	0
56738	0	0	0	1.1875	0	0	0	0	0	0	0	0	0	0	0	0	0	0	0	0	0	0	0	0	0	0	0	1.1875	0	0	0	0	0	0	0	0	0	0	0	0	1.78125	0	2.375	0	0	0	2.375	0	0	0	0	0	0	0	0	0	0	0	0	0	0	0	0	0	0	0	0	0	0	0	0	0	0	0	0	0	0	0	0	0	0	0	0	0	0	1.1875	0	0	0	14.8438	0	38	0	0	0	0	0	0	0	0	0	0	0	0	135.375	0	0	0	0	0	0	0	0	7.71875	0	8.3125	0	0	0	0	0	0	0	0	0	0	1.78125	0	0	0	0	0
56802	0	0	0	0	0	0	1.1875	45.7188	0	116.375	0	0	0	0	0	0	0	0	0	112.219	0	0	6.53125	65.9062	0	2.96875	0	400	0	1.1875	254.719	20.1875	0	70.0625	0	0	144.875	33.8438	0	343.781	4.15625	4.15625	0	1.1875	0	0	0	0	0	0	0	0	0	0	10.6875	32.6562	0	0	0	0	32.1562	19.5938	8.90625	0	17.2188	0	0	0	0	0	0	312.594	381.25	0	2.96875	0	0	0	1.78125	0	0	160.312	0	0	0	0	0	0	0	0	0	27.3125	0	0	0	0	0	0	0	0	0	0	0	0	97.9688	0	0	0	0	452.719	53.75	0	50.4688	0	0	290.938	0	0	0	0	0	0	291.531	74.2188	17.8125	0	368.219	17.2188	0	0	0	0
56812	0	0	0	0	0	2.96875	0	1.1875	0	0	0	0	0	0	0	0	0	0	0	0	0	0	0	0	0	0	0	0	0	0	0	0	0	0	0	0	0	0	0	0	0	4.15625	0	0	0	0	0	0	0	0	0	0	1.1875	0	0	0	0	0	0	0	4.15625	1.1875	0	0	0	0	0	0	0	0	0	0	0	0	0	0	0	0	5.9375	0	0	0	0	0	0	0	0	0	0	0	0	0	0	0	0	0	0	0	0	0	0	0	0	0	0	0	0	0	0	0	0	0	1.1875	0	0	0	0	0	0	0	0	0	0	0	0	0	0	0	0	0	0	0
56910	0	0	0	0	0	0	0	0	0	0	0	0	0	0	0	0	0	0	0	0	0	0	0	0	0	1.1875	0	0	0	0	32.6562	0	0	0	0	0	1.1875	1.78125	0	0	2.375	0	0	0	0	0	0	0	0	0	0	0	0	0	0	0	0	0	0	0	0	0	0	0	0	0	0	0	0	0	0	0	1.1875	0	0	0	0	0	0	0	0	0	0	0	0	0	0	0	0	0	0	0	0	0	0	0	0	0	0	0	0	0	0	0	2.96875	0	0	0	0	0	0	0	20.1875	3.5625	0	1.1875	0	0	0	0	0	0	0	0	0	0	10.0938	0	0	0	0	0
57061	0	1.78125	0	4.15625	0	0	0	0	0	43.3438	0	0	0	0	0	0	0	0	0	0	5.9375	0	0	0	0	0	0	10.0938	0	0	0	0	2.375	0	0	0	0	0	0	0	3.5625	0	2.375	0	0	0	12.4688	0	0	0	0	0	0	0	0	2.375	4.15625	0	0	0	0	0	0	0	0	0	0	0	0	0	0	4.75	8.3125	0	0	0	0	0	0	0	0	5.34375	0	5.9375	0	4.75	0	0	1.1875	5.9375	0	39.7812	0	0	1.78125	0	0	0	0	0	1.1875	0	0	0	116.969	0	0	0	0	0	1.1875	0	0	35.625	0	38.5938	0	0	0	0	0	0	0	0	0	0	28.5	0	0	0	0	0
57104	0	0	0	0	0	0	0	0	0	0	0	0	0	0	0	0	0	0	0	0	0	0	0	0	0	0	0	0	0	0	0	0	0	0	1312.5	0	0	0	0	0	0	0	0	0	0	0	0	0	0	0	0	0	0	0	0	0	0	0	0	0	0	0	0	0	0	0	0	0	0	0	0	0	0	0	0	0	0	0	0	0	0	0	0	0	0	0	0	0	0	0	0	0	0	0	0	0	0	0	0	0	0	0	0	0	0	0	0	0	0	0	0	0	0	0	0	0	0	0	0	0	0	0	0	0	0	0	0	0	0	0	0	0
57171	0	0	0	0	0	0	0	0	0	0	0	0	0	0	0	0	0	0	0	0	0	0	0	0	0	0	0	0	0	0	0	0	0	0	0	0	0	0	0	8.3125	0	0	0	0	0	0	0	0	0	0	0	0	0	0	0	0	0	0	0	0	0	0	0	0	0	0	0	0	0	0	0	0	0	0	0	0	0	0	0	0	0	0	0	0	0	0	0	0	0	0	0	0	0	0	0	0	0	0	0	0	0	0	0	0	0	0	0	0	0	0	0	0	0	0	0	0	0	0	0	0	0	0	0	0	0	0	0	0	0	0	0	0
57227	0	0	0	0	1.1875	0	0	0	0	0	0	0	0	2.375	0	0	0	0	86.0938	10.0938	0	0	0	1887.5	0	0	0	0	0	0	1637.5	2.96875	0	31.4688	0	0	14.8438	148.438	0	0	0	0	0	0	0	0	0	0	0	0	0	64.125	158.531	0	0	0	0	0	0	0	0	0	0	0	0	0	0	0	0	0	0	32.6562	7.125	0	17.8125	0	0	0	0	0	0	0	0	111.625	0	0	0	0	0	0	0	0	30.2812	0	0	0	0	281.438	0	1.78125	0	0	0	0	0	0	0	0	0	34.4375	4.75	0	125.875	0	0	1.1875	0	0	0	0	0	0	0	0	4.75	0	32.6562	1.1875	0	0	0	0
57334	0	0	0	0	0	0	1.78125	7.125	0	0	0	0	0	1.1875	0	0	1.1875	6.53125	2.96875	59.375	0	5.9375	1.1875	1.78125	0	1.1875	0	0	0	0	0	0	0	0	0	0	0	0	0	0	2.375	1.78125	0	0	0	0	0	0	11.875	0	0	0	0	442.844	0	8.90625	4.15625	0	0	0	67.0938	17.8125	2.375	0	21.9688	0	0	0	1.1875	0	1.78125	0	0	0	35.625	0	0	0	0	0	0	0	0	0	0	0	0	0	0	0	0	0	0	0	0	0	0	411.469	0	0	0	0	0	10.0938	0	0	0	0	0	0	0	0	0	0	0	0	0	0	0	0	0	0	5.9375	0	0	0	0	0	0	0	0	0
57422	141.906	0	0	0	8.90625	0	0	0	0	0	0	0	0	0	0	0	0	0	0	0	0	0	9.5	0	0	0	0	0	0	0	0	1.1875	0	0	0	0	1.1875	0	0	0	1.1875	0	0	0	0	0	4.15625	0	0	0	0	0	0	0	0	7.71875	21.375	0	0	0	11.875	8.3125	0	0	0	0	0	0	8.90625	0	8.90625	0	0	0	0	0	0	0	0	0	0	0	0	0	0	0	0	0	0	0	0	0	0	0	0	0	0	0	0	0	0	0	0	0	1.1875	0	0	0	0	0	0	0	24.3438	0	0	0	0	0	0	0	0	0	1.78125	0	279.656	0	12.4688	1.78125	0	0	0	0
57562	0	1.1875	0	0	4.15625	0	0	0	0	0	0	0	0	0	0	0	0	0	0	0	0	0	0	0	0	0	0	0	0	0	0	0	0	1.78125	0	0	1.1875	0	0	0	1.78125	0	1.1875	0	0	0	1.1875	0	0	0	0	0	0	0	0	1.1875	4.75	0	0	0	0	0	0	0	0	0	0	0	0	0	0	0	0	0	0	0	0	0	0	0	0	0	0	0	0	0	0	0	0	0	0	0	0	0	0	0	0	0	0	0	0	0	0	0	1.1875	0	0	0	0	0	0	0	11.875	0	0	0	0	0	0	0	0	0	0	0	5.9375	0	155.562	0	0	0	0	0
57642	0	0	0	0	0	0	0	0	0	0	0	0	0	0	0	0	0	0	0	0	0	36.8125	0	0	0	0	0	0	1.78125	0	0	0	0	0	0	0	0	0	0	0	0	0	0	0	0	1.78125	0	0	0	0	0	0	0	0	0	0	0	0	0	0	0	0	0	0	0	0	0	0	0	0	0	57	2.375	0	0	0	0	0	0	0	0	523.688	0	48.6875	0	0	0	0	5.34375	1.1875	0	65.3125	0	0	0	0	0	0	0	0	0	0	0	0	167.438	0	0	0	0	0	43.9375	0	0	1.1875	0	731.5	0	0	0	0	0	0	0	0	2.375	0	418.594	1.1875	0	0	0	0
57693	0	2.375	0	3.5625	0	0	0	0	0	0	0	0	0	0	0	0	0	0	0	0	35.625	0	0	0	0	0	0	1.1875	0	0	0	0	1.78125	0	0	0	0	0	0	0	4.75	0	30.875	0	0	1.1875	8.3125	0	0	0	0	0	0	0	39.7812	0	0	0	0	0	0	0	0	0	0	0	0	0	0	0	0	4.75	1.1875	0	0	0	0	0	0	0	0	0	0	0	0	3.5625	0	0	21.9688	1.78125	0	15.4375	0	0	1.1875	0	0	0	0	0	0	0	0	0	58.1875	0	0	0	0	0	0	0	0	24.3438	12.4688	6.53125	0	0	0	0	0	0	0	0	0	0	2.375	0	0	0	0	0
57796	0	0	0	0	0	0	0	0	0	0	0	0	0	0	0	0	0	0	0	0	0	0	0	0	0	0	0	0	0	0	0	0	0	0	0	0	0	0	0	0	0	0	0	0	0	0	0	0	0	0	0	0	0	0	0	0	0	0	0	0	0	0	0	0	0	0	0	0	0	0	0	0	0	0	0	0	0	0	0	0	0	0	0	0	0	0	0	0	0	0	0	0	0	0	0	0	0	0	0	0	0	0	0	0	0	0	0	0	0	0	0	0	0	0	0	0	0	0	0	0	0	0	0	0	0	0	0	0	0	0	0	0
57891	0	0	0	0	0	0	0	0	0	0	0	0	0	0	0	0	0	0	0	0	0	0	0	0	0	0	0	0	0	0	0	0	0	0	0	0	0	0	0	0	0	0	0	0	0	0	0	0	0	0	0	0	0	0	0	0	0	0	0	0	0	0	0	0	0	0	0	0	0	0	0	0	0	0	0	0	0	0	0	0	0	0	0	0	0	0	0	0	0	0	0	0	0	0	0	0	0	0	0	0	0	0	0	0	0	0	0	0	0	0	0	0	0	0	0	0	0	0	0	0	0	0	0	0	0	0	0	0	0	0	0	0
57904	0	0	0	0	0	0	0	0	0	0	0	0	0	0	0	0	0	0	0	0	0	0	0	0	0	0	0	0	0	0	0	0	0	0	0	0	0	0	0	0	0	0	0	0	0	0	0	0	0	0	0	0	0	0	0	10.0938	23.75	0	0	0	0	0	0	0	0	0	0	0	0	0	0	0	0	0	0	0	0	0	0	0	0	0	0	0	0	0	0	0	0	0	0	0	0	0	0	0	0	0	0	0	0	0	0	0	0	0	0	0	0	0	0	0	445.312	0	0	0	0	0	0	0	0	0	0	0	11.2812	0	4.75	0	0	0	0	0
58029	0	0	0	0	0	0	0	0	0	0	0	0	0	0	0	0	0	0	0	0	0	0	0	0	0	1.1875	0	0	0	0	0	0	0	0	0	0	1.1875	0	0	0	1.1875	0	1.78125	0	0	0	2.375	0	0	0	0	0	0	0	0	0	0	0	0	0	0	0	0	0	0	0	0	0	0	0	0	0	0	0	0	0	0	0	0	0	0	0	0	0	0	0	0	0	1.1875	0	0	0	0	0	0	0	0	0	0	0	0	0	0	0	1.78125	0	0	0	0	0	0	0	0	2.375	0	0	0	0	0	0	0	0	0	0	0	0	0	0	0	0	0	0
58160	0	0	0	0	0	0	0	0	0	0	0	0	0	0	0	0	0	0	0	0	0	0	0	0	0	0	0	0	0	0	0	0	0	0	0	0	0	0	0	0	0	0	0	0	0	0	0	0	0	0	0	0	0	0	0	0	0	0	0	0	0	0	0	0	0	0	0	0	0	0	0	0	0	0	0	0	0	0	0	0	0	0	0	0	0	0	0	0	0	0	0	0	0	0	0	0	0	0	0	0	0	0	0	0	0	0	0	0	0	0	0	0	0	0	0	0	0	0	0	0	0	0	0	0	0	0	0	0	0	0	0	0
58274	0	0	0	0	0	20.1875	0	0	0	0	0	0	0	0	0	0	0	0	0	0	0	0	0	0	0	0	0	0	0	0	0	0	0	0	0	0	0	0	0	0	0	7.71875	0	0	0	0	0	1.78125	0	0	0	2.375	10.0938	0	0	0	0	0	0	0	2.375	2.96875	1.78125	0	0	0	0	0	0	0	0	0	0	0	0	0	1.1875	0	45.7188	1.1875	0	0	0	0	0	0	0	0	0	0	0	0	333.75	0	0	0	0	0	0	0	0	0	0	0	0	0	0	0	0	0	0	0	5.9375	0	0	0	2.375	0	0	1.1875	0	0	0	0	0	0	24.9375	0	0	0	0	0
58307	0	2.375	0	3.5625	1.1875	0	0	85.5	0	904.281	0	0	0	335.469	1125.75	0	0	0	0	0	1.78125	2.375	38.5938	0	0	1.1875	0	4.15625	11.2812	0	0	1.1875	1.78125	1.1875	0	0	1.1875	2.375	0	1893.75	0	20.7812	5.34375	0	0	0	21.9688	0	0	0	0	0	0	0	0	9.5	185.844	0	0	0	54.625	36.8125	17.2188	0	0	0	0	0	0	0	0	22.5625	46.9062	0	0	0	0	0	2.375	0	0	10.0938	0	0	0	5.34375	0	0	33.8438	3.5625	0	14.25	0	0	2.96875	0	0	0	0	2.96875	40.9688	0	0	1.1875	96.1875	0	0	0	0	13.6562	3.5625	0	0	25.5312	0	67.6875	0	0	0	0	0	0	26.125	4.15625	1.78125	0	135.375	9.5	0	0	0	0
58337	0	0	0	0	0	0	0	1218.75	0	0	0	0	0	0	400	0	0	2.375	200	0	0	0	0	0	0	0	0	0	0	1856.25	0	0	0	0	0	0	0	0	0	0	0	0	0	0	0	0	0	0	0	0	0	0	0	0	0	0	0	0	0	0	4.75	1.1875	0	0	2.375	0	0	0	0	0	0	0	0	0	0	0	0	0	3.5625	0	0	0	0	0	0	0	0	0	0	0	0	0	0	0	0	0	0	5.9375	0	0	0	0	0	1.1875	0	0	0	0	0	0	0	0	0	0	0	0	0	0	0	0	0	0	0	0	0	0	0	0	0	0	0	0
58365	0	0	0	4.15625	0	0	0	0	0	0	0	0	0	0	0	0	0	0	0	0	0	0	0	0	0	0	0	0	0	0	0	0	1.78125	0	0	0	0	0	0	0	1.78125	0	0	0	0	2.375	0	0	0	0	0	0	0	0	0	0	0	0	0	0	0	0	0	0	0	0	0	0	0	0	0	0	0	0	0	0	0	0	0	0	0	19.5938	0	1.78125	0	2.375	0	0	1.78125	35.625	0	125.281	0	0	0	0	0	0	0	0	0	0	0	0	339.031	0	0	0	0	0	8.3125	0	0	0	0	37.4062	0	0	0	0	0	0	0	0	0	0	13.6562	0	0	0	0	0
68938	0	0	0	0	0	0	0	3.5625	18.4062	11.2812	61.75	59.9688	0	0	0	0	0	0	0	0	0	0	1.78125	0	0	0	0	0	133.406	0	0	0	0	0	0	0	0	0	0	0	0	33.25	0	0	0	0	0	0	3.5625	0	0	21.9688	57	115.781	0	0	0	11.2812	0	0	0	0	0	0	0	0	0	0	24.9375	57	9.5	0	0	0	0	0	3.5625	0	0	11.875	0	0	0	0	0	0	0	0	0	0	0	0	0	0	0	0	0	0	0	0	0	0	0	0	0	0	109.844	63.5312	0	0	0	0	33.8438	0	0	0	0	0	0	0	0	0	12.4688	0	0	0	0	0	0	0	0	0
68940	0	0	0	0	0	0	0	0	0	0	0	0	0	0	0	0	0	0	0	0	0	0	0	0	0	0	0	0	0	0	0	0	0	0	0	0	0	0	0	0	0	0	0	0	0	0	0	0	0	0	0	0	0	0	0	0	0	0	0	0	0	0	0	0	0	0	0	0	0	0	0	0	0	0	0	0	0	0	0	0	0	0	0	0	0	0	0	0	0	0	0	0	0	0	0	0	0	0	0	0	0	0	0	0	0	0	0	0	0	0	0	0	0	0	0	0	0	0	0	0	0	0	0	0	0	0	0	0	0	0	0	0
68942	0	0	0	0	0	0	0	0	0	0	0	0	0	0	0	0	0	0	0	0	0	0	0	0	0	0	0	0	0	0	0	0	0	0	0	0	0	0	0	0	0	0	0	0	0	0	0	0	0	0	0	0	0	0	0	0	0	0	0	0	0	0	0	0	0	0	0	0	0	0	0	0	0	0	0	0	0	0	0	0	0	0	0	0	0	0	0	0	0	0	0	0	0	0	0	0	0	0	0	0	0	0	0	0	0	0	0	0	0	0	0	0	0	0	0	0	0	0	0	0	0	0	0	0	0	0	0	0	0	0	0	0
68945	0	0	0	0	0	0	0	0	0	0	0	0	0	0	0	0	0	0	0	0	0	0	0	0	0	0	0	0	0	0	0	0	0	0	0	0	0	0	0	0	0	0	0	0	0	0	0	0	0	0	0	0	0	0	0	0	0	0	0	0	0	0	0	0	0	0	0	0	0	0	0	0	0	0	0	0	0	0	0	0	0	0	0	0	0	0	0	0	0	0	0	0	0	0	0	0	0	0	0	0	0	0	0	0	0	0	0	0	0	0	0	0	0	0	0	0	0	0	0	0	0	0	0	0	0	0	0	0	0	0	0	0
68947	0	0	0	0	0	0	0	0	0	0	0	0	0	0	0	0	0	0	0	0	0	0	0	0	0	0	0	0	0	0	0	0	0	0	0	0	0	0	0	0	0	0	0	0	0	0	0	0	0	0	0	0	0	0	0	0	0	0	0	0	0	0	0	0	0	0	0	0	0	0	0	0	0	0	0	0	0	0	0	0	0	0	0	0	0	0	0	0	0	0	0	0	0	0	0	0	0	0	0	0	0	0	0	0	0	0	0	0	0	0	0	0	0	0	0	0	0	0	0	0	0	0	0	0	0	0	0	0	0	0	0	0
68949	0	0	0	0	0	0	0	0	0	0	0	0	0	0	0	0	0	0	0	0	0	0	0	0	0	0	0	0	0	0	0	0	0	0	0	0	0	0	0	0	0	0	0	0	0	0	0	0	0	0	0	0	0	0	0	0	0	0	0	0	0	0	0	0	0	0	0	0	0	0	0	0	0	0	0	0	0	0	0	0	0	0	0	0	0	0	0	0	0	0	0	0	0	0	0	0	0	0	0	0	0	0	0	0	0	0	0	0	0	0	0	0	0	0	0	0	0	0	0	0	0	0	0	0	0	0	0	0	0	0	0	0
68951	300	0	0	0	0	0	0	0	0	0	0	0	0	0	0	0	0	0	0	0	0	0	0	0	0	0	0	0	0	0	0	0	0	0	0	0	0	0	0	0	0	0	0	0	0	0	0	0	0	0	0	0	0	0	0	0	0	0	0	0	0	0	0	0	0	0	0	0	0	0	0	0	0	0	0	0	0	0	0	0	0	0	0	0	0	0	0	0	0	0	0	0	0	0	0	0	0	0	0	0	0	0	0	0	0	0	0	0	0	0	0	0	0	0	0	0	0	0	0	0	0	0	0	0	0	0	0	0	0	0	0	0
68953	0	0	0	0	0	4.15625	1.1875	0	0	0	0	0	0	61.75	0	0	5.9375	1.1875	13.0625	0	0	31.4688	3.5625	0	0	4.75	0	0	2.96875	36.2188	0	0	0	0	0	0	0	0	0	0	6.53125	0	0	0	0	0	0	0	0	0	0	19.5938	36.8125	0	0	0	0	0	0	0	0	0	0	0	0	0	0	0	0	0	30.875	38.5938	0	0	1.78125	0	0	0	0	0	0	0	0	224.562	0	0	0	0	0	0	0	0	0	0	0	0	0	18.25	0	0	0	0	0	2.375	0	0	0	0	0	0	0	0	7.71875	0	0	0	0	0	0	0	0	0	0	0	14.8438	0	41.5625	0	0	0	0	0
68955	0	0	0	0	0	0	0	0	0	0	0	0	0	3.5625	0	0	0	0	0	0	0	4.75	0	0	0	0	0	0	1.1875	0	0	0	0	0	0	0	0	0	0	0	0	6.53125	0	0	0	0	0	0	49.2812	0	0	10.0938	22.5625	81.3438	0	0	0	0	0	0	0	0	0	0	0	0	0	0	16.0312	0	74.2188	0	2.375	1.78125	15.4375	0	0	0	0	0	0	1.78125	0	6.53125	0	0	0	0	0	0	0	0	0	0	0	0	0	0	0	0	0	0	0	0	0	0	0	0	0	0	0	0	68.2812	0	0	0	0	0	0	0	0	0	117.562	0	0	0	50.4688	15.4375	0	0	0	0
68957	0	0	0	0	0	4.15625	0	0	0	0	0	0	0	0	0	0	0	0	0	0	0	3.5625	17.2188	0	0	0	0	0	4.15625	0	0	0	0	0	0	0	0	0	0	0	0	45.125	0	0	0	0	0	0	13.6562	0	0	29.6875	38.5938	4.75	0	0	2.375	57	0	0	0	0	0	0	5.9375	0	0	0	61.1562	0	29.6875	0	0	4.75	8.3125	0	0	0	0	0	0	0	0	0	0	0	0	0	0	0	0	0	0	0	0	0	0	0	0	0	0	0	0	0	0	0	0	0	0	0	0	0	78.9688	0	0	0	0	0	0	0	0	0	62.3438	0	0	0	7.71875	0	0	0	0	0
68959	0	0	0	0	0	0	0	0	0	0	0	0	0	7.71875	0	0	0	0	0	0	0	1.78125	0	0	0	0	0	0	0	0	0	0	0	0	0	0	0	0	0	0	0	0	0	0	0	0	0	0	0	0	0	0	2.375	8.3125	0	0	0	0	0	0	0	0	0	0	0	0	0	0	1.78125	0	2.96875	28.5	16.0312	0	0	0	0	0	0	0	0	0	0	50.9062	0	0	0	0	0	0	0	0	0	0	0	0	0	0	0	0	0	0	0	0	0	0	0	0	0	0	0	0	7.71875	0	0	0	0	0	0	0	0	0	0	0	0	0	7.71875	0	0	0	0	0
68961	0	0	0	0	0	0	0	0	0	0	0	0	0	8.90625	0	0	0	0	1.78125	0	0	6.53125	0	0	0	0	0	0	0	4.15625	0	0	0	0	0	0	0	0	0	0	0	0	0	0	0	0	0	0	0	0	0	3.5625	16.0312	235.719	0	0	0	1.1875	0	0	0	0	0	0	0	0	0	0	0	0	6.53125	48.6875	0	0	1.1875	0	0	0	0	0	0	0	0	101.656	0	0	0	0	0	0	0	0	0	0	0	0	0	0	0	0	0	0	0	0	0	0	0	0	0	0	0	0	0	0	0	0	0	0	0	0	0	0	1.78125	0	0	0	16.625	2.375	0	0	0	0
68963	0	0	0	0	0	36.2188	0	0	0	0	0	0	0	1.1875	4.15625	0	0	0	0	0	0	13.0625	4.75	0	0	7.71875	0	0	24.3438	0	0	0	0	0	0	0	0	0	0	0	1.78125	30.2812	0	0	0	0	0	0	13.6562	0	0	8.90625	35.625	115.781	0	0	0	100.344	0	0	0	0	0	0	0	0	0	0	81.9375	0	54.0312	0	0	0	2.96875	16.0312	4.15625	0	2.96875	0	0	0	0	0	0	0	0	0	0	0	0	0	33.8438	0	0	0	0	0	0	0	0	0	0	1.78125	0	0	0	0	0	0	0	0	14.25	0	0	0	0	0	0	0	0	0	62.3438	0	0	0	3.5625	0	0	0	0	0
68965	0	0	0	0	0	0	2.375	0	0	0	0	0	0	64.125	0	0	1.1875	0	5.34375	0	0	2.375	0	0	0	0	0	0	17.2188	36.8125	0	0	0	0	0	0	0	0	0	0	0	0	0	0	0	0	0	0	2.375	0	0	0	0	16.625	0	0	0	0	0	0	2.375	7.125	2.96875	0	0	0	0	0	0	0	0	0	0	23.7188	0	0	0	1.78125	1.78125	0	0	0	0	7.125	0	0	0	0	0	0	0	0	0	0	0	0	0	63.5312	0	0	0	0	0	0	0	0	0	1.78125	0	0	0	0	20.1875	0	0	0	1.78125	0	0	0	0	0	0	0	0	0	0	7.71875	0	0	0	0
68967	0	0	0	0	0	13.6562	0	271.438	0	219.688	3.5625	0	0	1.1875	0	0	4.75	19	0	0	0	54.625	2.375	0	0	0	0	0	0	0	0	0	0	0	0	0	0	0	0	140.469	17.8125	2.96875	0	0	17.2188	0	0	0	0	0	0	0	0	0	0	0	0	0	0	0	2.96875	0	0	0	0	0	0	0	23.1562	0	0	0	0	0	0	0	0	0	0	0	0	0	0	0	0	0	0	0	0	0	0	0	0	0	0	0	0	0	0	7.125	0	0	0	2.375	0	0	0	0	0	0	0	0	0	0	0	0	0	0	0	0	46.3125	0	5.9375	0	0	0	0	0	0	0	0	0
68969	0	0	0	0	0	7.71875	0	0	0	0	0	0	0	0	0	0	0	4.75	0	0	0	0	0	0	0	0	0	0	0	0	0	0	0	0	0	0	0	0	0	0	0	0	0	0	432.25	0	0	0	0	0	0	0	0	0	0	0	0	0	0	0	0	0	0	0	0	0	0	0	0	0	0	0	0	0	0	6.53125	0	0	0	0	0	0	0	0	0	0	0	0	0	0	0	0	0	0	0	0	0	0	0	0	0	0	277.875	0	0	0	0	0	0	0	0	0	0	0	0	0	0	0	0	0	0	0	0	0	0	0	0	0	0	0	0	0
68981	0	0	0	0	0	0	0	1.1875	0	0	0	0	0	0	0	0	0	0	0	0	0	0	0	0	0	0	0	0	0	0	0	0	0	0	0	0	0	0	0	0	0	0	0	0	0	0	0	96.1875	0	0	0	0	0	0	0	0	0	0	0	25.5312	0	0	0	0	0	0	0	0	0	0	0	0	0	0	0	0	0	0	0	0	0	0	0	0	0	0	0	0	0	0	0	0	0	0	0	0	0	0	0	0	0	0	0	0	0	0	0	0	0	0	0	0	0	0	0	0	0	0	0	0	0	0	0	0	0	0	0	0	0	0	0	0
68984	0	0	0	0	0	0	0	0	0	0	0	0	0	0	0	0	0	0	0	0	0	0	0	0	0	0	0	0	0	0	0	0	0	0	0	0	0	0	0	0	0	0	0	0	0	0	0	0	0	0	0	0	0	0	0	0	0	0	0	812.25	0	0	0	0	0	0	0	0	0	0	0	0	0	0	0	0	0	0	0	0	0	0	0	0	0	0	0	0	0	0	0	0	0	0	0	0	0	0	0	0	0	0	0	0	0	0	0	0	0	0	0	0	0	0	0	0	0	0	0	0	0	0	0	0	0	0	0	0	0	0	0	0
68987	0	0	0	0	0	0	0	0	0	0	0	0	0	0	0	0	0	0	0	0	0	0	0	0	0	0	0	0	0	0	0	0	0	0	0	0	0	0	0	0	0	0	0	0	0	0	0	0	0	0	0	0	0	0	0	0	0	0	0	119.938	0	0	0	0	0	0	0	0	0	0	0	0	0	0	0	0	0	0	0	0	0	0	0	0	0	0	0	0	0	0	0	0	0	0	0	0	0	0	0	0	0	0	0	0	0	0	0	0	0	0	0	0	0	0	0	0	0	0	0	0	0	0	0	0	0	0	0	0	0	0	0	0
68989	0	0	0	0	0	0	0	0	0	0	0	0	0	5.34375	0	0	13.6562	2.96875	0	0	0	0	0	0	0	0	0	0	0	0	0	0	0	0	0	0	0	0	0	7.71875	0	0	0	0	0	0	0	0	0	0	0	0	0	0	0	0	0	0	0	0	0	2.375	0	0	0	0	0	0	0	0	0	0	0	0	0	0	0	0	1.1875	0	0	0	0	0	0	0	0	0	0	0	0	0	0	0	0	0	0	0	0	254.719	0	0	204.844	110.438	0	0	0	0	0	0	0	0	0	0	0	0	0	0	0	0	0	0	0	0	0	0	0	0	0	0	0	0
68991	0	0	0	0	0	0	0	1.1875	40.375	0	77.7812	0	0	0	0	0	0	0	0	0	0	0	0	0	0	0	0	0	34.4375	0	0	0	0	0	0	0	0	0	0	0	0	0	0	0	0	0	0	0	8.3125	2.375	0	0	0	0	0	0	0	0	0	0	0	0	0	0	0	0	0	0	0	0	0	0	0	0	0	0	2.96875	0	0	8.3125	0	381.188	0	0	0	0	0	0	0	0	0	0	106.875	0	0	0	0	0	0	0	0	0	0	0	0	0	0	0	0	0	0	0	0	0	0	0	0	0	0	0	0	59.375	16.625	0	0	0	0	0	0	0	0	0
68994	0	0	0	0	0	0	0	10.0938	87.2812	16.0312	32.0625	4.75	0	0	0	0	0	0	0	0	0	0	0	0	0	0	0	0	124.375	0	0	0	0	0	0	0	0	0	0	0	0	0	0	0	0	0	0	0	3.5625	0	0	0	0	0	0	0	0	0	0	0	0	0	0	0	0	0	0	0	0	0	0	0	0	0	0	0	8.3125	0	0	5.34375	0	0	0	0	0	0	0	0	0	0	0	0	0	0	0	0	0	0	0	0	0	0	0	0	0	0	7.125	26.125	0	0	0	0	0	0	0	0	0	0	0	0	0	0	13.0625	0	0	0	0	0	0	0	0	0
68997	0	0	0	0	0	0	0	206.625	0	43.9375	193.562	74.2188	0	0	0	0	0	0	0	0	0	0	0	0	0	0	0	0	190.875	0	0	0	0	0	0	0	0	0	0	0	0	0	0	0	0	0	0	0	19.5938	0	0	0	50.4688	39.1875	0	0	0	0	0	0	0	0	0	0	0	0	0	0	0	0	164.469	0	0	0	0	0	46.9062	0	0	61.1562	0	0	0	0	0	0	0	0	0	0	0	0	209.688	0	0	0	0	0	0	0	0	0	0	49.875	0	0	28.5	231.562	0	0	0	0	27.3125	0	0	38	0	0	0	0	0	9.375	49.875	0	0	0	0	0	0	0	0	0
68999	0	51.6562	0	1.78125	0	0	0	2.96875	0	0	0	0	0	8.3125	0	0	0	0	0	0	403.156	13.6562	0	0	0	21.375	0	4.75	0	1.1875	0	105.094	14.8438	58.7812	0	0	0	0	0	0	235.719	5.9375	52.8438	0	0	5.34375	13.0625	0	0	0	0	0	0	0	0	0	0	0	0	0	27.9062	0	0	0	11.2812	0	0	0	0	0	1.1875	16.0312	1.1875	0	0	0	0	0	3.5625	0	0	0	0	0	0	2.96875	0	0	10.6875	1.1875	0	2.375	0	0	1.78125	0	0	0	0	0	1.78125	0	0	0	8.90625	0	0	0	0	0	0	0	0	36.2188	3.5625	1.1875	0	0	0	0	0	0	0	0	0	0	0	0	0	0	0	0
69001	0	0	0	0	0	0	0	0	0	0	0	0	0	0	0	0	0	0	0	0	0	0	0	0	0	0	0	0	0	0	0	0	0	0	0	0	0	0	0	0	0	0	0	0	0	0	0	0	0	0	0	0	0	0	0	0	0	0	0	0	0	0	0	0	0	0	0	0	0	0	0	0	0	0	0	0	0	0	0	0	0	0	0	0	0	0	0	0	0	0	0	0	0	0	0	0	0	0	0	0	0	0	0	0	0	0	0	0	0	0	0	0	0	0	0	0	0	0	0	0	0	0	0	0	0	0	0	0	0	0	0	0
69003	0	0	0	315.281	0	0	0	0	0	0	0	0	0	0	0	0	0	0	0	0	7.71875	1.1875	0	0	0	0	0	0	0	0	0	0	31.4688	0	0	0	0	0	0	0	87.875	0	0	0	0	0	0	0	0	0	0	0	0	0	0	7.71875	11.875	0	0	0	0	0	0	0	0	0	0	0	0	0	0	0	10.6875	0	0	0	0	0	0	0	0	93.8125	0	1.1875	0	4.75	0	0	4.75	15.4375	0	26.125	0	0	0	0	0	0	0	0	0	0	0	0	56.4062	0	0	0	0	0	25.5312	0	0	46.3125	0	167.438	0	0	0	0	0	0	0	0	0	0	35.0312	0	0	0	0	0
69005	0	0	0	0	0	0	0	0	0	0	0	0	0	0	0	0	0	0	0	0	0	0	0	0	0	0	0	0	0	0	0	0	0	0	0	0	0	0	0	0	0	0	0	0	0	0	0	0	0	0	0	0	0	0	0	0	0	0	0	0	0	0	0	0	0	0	0	0	0	0	0	0	0	0	0	0	0	0	0	0	0	0	0	0	0	0	0	0	0	0	0	0	0	0	0	0	0	0	0	0	0	0	0	0	0	0	0	0	0	0	0	0	0	0	0	0	0	0	0	0	0	0	0	0	0	0	0	0	0	0	0	0
69008	0	0	0	0	0	0	0	0	0	0	0	0	0	0	0	0	0	0	0	0	0	0	0	0	0	0	0	0	0	0	0	0	0	0	0	0	0	0	0	0	0	0	0	0	0	0	0	0	0	0	0	0	0	0	0	0	0	0	0	0	0	0	0	0	0	0	0	0	0	0	0	0	0	0	0	0	0	0	0	0	0	0	0	0	0	0	0	0	0	0	0	0	0	0	0	0	0	0	0	0	0	0	0	0	0	0	0	0	0	0	0	0	0	0	0	0	0	0	0	0	0	0	0	0	0	0	0	0	0	0	0	0
69010	0	0	0	0	0	0	0	0	0	0	0	0	0	0	0	0	0	0	0	0	0	0	0	0	0	0	0	0	0	0	0	0	0	0	0	0	0	0	0	0	0	0	0	0	0	0	0	0	0	0	0	0	0	0	0	0	0	0	0	0	0	0	0	0	0	0	0	0	0	0	0	0	0	0	0	0	0	0	0	0	0	0	0	0	0	0	0	0	0	0	0	0	0	0	0	0	0	0	0	0	0	0	0	0	0	0	0	0	0	0	0	0	0	0	0	0	0	0	0	0	0	0	0	0	0	0	0	0	0	0	0	0
69012	0	0	0	0	0	0	0	5.34375	0	0	0	0	0	2.96875	0	0	76.5938	10.6875	0	0	0	0	0	0	0	0	0	0	0	0	0	0	0	0	0	0	0	0	0	78.375	0	4.75	0	0	0	0	0	0	0	0	0	0	0	0	0	0	0	4.75	0	0	0	1.78125	0	0	0	0	0	0	0	0	0	0	0	0	0	0	0	0	0	0	0	0	0	0	0	0	0	0	0	0	0	0	0	0	0	0	0	0	0	0	0	0	0	80.75	0	0	0	0	0	0	0	0	0	0	0	0	0	0	0	0	0	0	0	0	0	0	0	0	0	0	0	0
69015	0	0	0	0	0	0	0	0	0	0	0	0	0	75.4062	0	0	0	0	0	0	0	0	0	0	0	0	0	0	0	0	0	0	0	0	0	9.5	0	0	0	0	0	0	0	0	0	0	0	0	0	0	0	0	0	0	0	0	0	0	0	0	0	0	0	0	0	0	0	0	0	0	0	0	0	0	0	0	0	0	0	0	0	0	0	0	0	0	0	0	0	0	0	0	0	0	0	0	0	2.375	0	2.375	0	0	0	0	5.9375	0	0	0	0	0	0	0	0	0	0	0	0	0	0	0	0	0	0	0	0	0	0	0	0	0	0	0
69017	0	0	0	9.5	0	0	0	25.5312	0	0	0	0	0	119.344	0	0	0	77.1875	6.53125	60.5625	0	0	1.1875	36.2188	0	0	0	0	0	0	0	0	3.5625	0	0	0	0	0	0	0	0	1.1875	0	0	0	0	4.75	0	0	0	0	0	0	0	0	1.1875	1.1875	0	0	0	25.5312	9.5	4.75	0	12.4688	0	0	0	0	0	0	0	0	0	0	0	0	0	1.1875	0	0	0	0	0	0	0	0	0	0	4.75	0	29.6875	0	0	7.125	0	0	0	0	43.3438	16.0312	0	0	238.219	67.0938	0	0	0	0	0	0	0	0	11.2812	0	17.8125	0	0	0	0	0	0	0	0	0	0	5.9375	0	0	0	0	0
69019	0	0	0	0	0	0	0	0	0	7.71875	156.75	0	0	0	0	0	0	0	0	0	0	0	0	0	0	0	0	0	0	0	0	0	0	0	0	0	0	0	0	6.53125	0	0	0	0	0	0	0	0	0	0	0	0	0	0	0	0	0	0	0	0	0	0	0	0	0	0	0	0	0	0	0	0	0	0	0	0	0	0	0	0	0	0	0	0	0	0	0	0	0	0	0	0	1.1875	0	0	0	0	0	0	0	0	0	0	0	0	0	0	0	0	0	0	0	0	0	0	0	0	0	0	0	0	0	0	0	0	0	0	0	0	0	0	0
69021	0	0	0	2.96875	0	0	0	13.0625	0	0	11.2812	0	0	146.062	0	0	7.125	4.15625	0	0	0	41.9688	9.5	0	0	59.9688	0	0	0	0	0	0	0	0	0	0	0	0	0	14.25	11.875	29.6875	0	0	0	0	0	0	0	0	0	0	0	17.2188	0	0	0	0	0	0	12.4688	4.75	1.1875	0	1.1875	0	0	0	1.1875	0	0	0	0	0	0	0	0	0	0	0	0	0	0	0	0	0	0	0	0	0	0	16.625	0	0	17.8125	0	0	475.281	0	58.1875	25.5312	0	0	55.9062	75.4062	0	0	0	0	0	0	0	0	0	0	0	0	0	0	0	0	0	0	0	0	0	0	0	0	0	0	0
69025	0	0	0	0	0	0	0	0	0	0	0	0	0	0	0	0	0	0	0	0	0	0	0	0	0	0	0	0	0	0	0	0	0	0	0	0	0	0	0	0	0	0	0	0	0	0	0	0	0	0	0	0	0	0	0	0	0	0	0	0	0	0	0	0	0	0	0	0	0	0	0	0	0	0	0	0	0	0	0	0	0	0	0	0	0	0	0	0	0	0	0	0	0	0	0	0	0	0	0	0	0	0	0	0	0	0	0	0	0	0	0	0	0	0	0	0	0	0	0	0	0	0	0	0	0	0	0	0	0	0	0	0
69031	0	0	0	0	0	0	0	0	0	0	0	0	0	0	0	0	0	0	0	0	0	200	0	0	0	0	0	0	0	0	0	0	0	0	0	0	0	0	0	0	0	0	0	0	0	0	0	0	0	0	0	0	0	0	0	0	0	0	0	0	0	0	0	0	0	0	0	0	0	0	0	0	0	0	0	0	0	0	0	0	0	0	0	0	0	0	0	0	0	0	0	0	0	0	0	0	0	0	0	0	0	0	0	0	0	0	0	0	0	0	0	0	0	0	0	0	0	0	0	0	0	0	0	0	0	0	0	0	0	0	0	0
69060	0	0	0	0	0	0	0	16.0312	0	0	0	0	0	0	31.4688	45.7188	0	0	0	0	0	9.5	0	0	0	0	0	0	143.094	0	0	0	0	0	0	0	0	0	0	0	0	9.5	0	0	0	0	0	106.281	2.96875	0	0	24.9375	23.1562	0	0	0	0	24.3438	0	0	0	0	0	0	0	0	0	0	62.9375	0	15.4375	0	0	0	0	0	1.78125	181.688	0	0	0	0	0	0	0	0	0	0	0	0	0	0	0	0	0	0	0	0	0	0	0	0	0	0	0	0	0	0	0	0	0	0	8.3125	0	0	0	0	0	0	0	0	2.375	2.375	0	0	0	0	0	0	0	0	0
69062	0	1.78125	0	0	0	0	0	0	0	0	0	0	0	5.9375	0	0	0	0	0	0	127.656	4.15625	0	0	0	5.34375	0	17.2188	6.53125	0	0	0	0	0	0	0	0	0	0	0	11.2812	1.1875	7.71875	0	0	13.6562	42.1562	0	0	0	0	0	0	0	0	0	0	0	0	0	0	11.2812	0	0	0	0	0	0	0	0	0	0	0	0	0	0	0	0	0	0	0	0	0	0	0	0	0	0	2.96875	1.78125	0	0	0	0	3.5625	0	0	0	0	0	4.15625	0	0	1.1875	4.75	0	0	0	0	0	0	0	0	10.0938	0	0	0	0	0	0	0	0	0	0	0	0	0	0	0	0	0	0
69065	0	0	0	1.1875	0	0	0	0	0	0	0	0	0	0	0	0	0	0	0	0	0	65.3125	0	0	0	0	0	0	12.4688	0	0	0	0	0	0	0	0	0	0	1.1875	51.6562	0	0	0	0	14.8438	2.375	0	0	0	0	0	0	0	0	1.78125	0	0	0	0	0	0	0	0	0	0	0	0	0	0	0	0	1.78125	0	0	0	0	0	0	0	0	0	0	2.375	0	0	0	0	0	1.78125	0	0	0	0	0	0	0	0	0	0	1.1875	0	0	0	0	0	0	0	0	0	0	0	0	64.7188	0	1.78125	0	0	0	0	0	0	0	0	0	0	35.0312	1.78125	0	0	0	0
69067	0	0	0	1.1875	0	0	0	0	0	0	0	0	0	1.1875	0	0	0	0	0	0	60.5625	467.781	0	0	0	40.375	0	1.78125	30.875	0	0	0	0	0	0	0	0	0	0	1.78125	243.438	0	1.78125	0	0	0	3.5625	0	0	0	0	0	0	0	0	0	38	0	0	0	0	0	0	0	0	0	0	0	0	0	0	0	0	0	0	0	0	0	0	0	0	0	0	39.1875	0	0	0	0	0	0	0	0	0	0	3.5625	0	0	0	0	0	3.5625	0	0	0	0	0	0	0	0	0	10.0938	0	0	0	0	0	0	0	0	0	0	0	17.8125	0	0	0	56.4062	2.375	0	0	0	0
69069	0	0	0	0	0	0	0	0	0	0	0	0	0	0	0	0	0	0	0	0	0	0	0	0	0	0	0	0	0	0	0	0	0	0	0	0	0	0	0	0	0	0	0	0	0	0	0	0	0	0	0	0	0	0	0	0	0	0	0	0	0	0	0	0	0	0	0	0	0	0	0	0	0	0	0	0	0	0	0	0	0	0	0	0	0	0	0	0	0	0	0	0	0	0	0	0	0	0	0	0	0	0	0	0	0	0	0	0	0	0	0	0	0	0	0	0	0	0	0	0	0	0	0	0	0	0	0	0	0	0	0	0
69071	0	0	0	2.375	0	0	0	0	0	0	0	0	0	0	0	0	0	0	0	0	3.5625	10.0938	0	0	0	2.375	0	0	0	0	0	0	0	0	0	0	0	0	0	0	16.625	0	0	0	0	0	0	0	0	0	0	0	0	0	0	0	0	0	0	0	0	0	0	0	0	0	0	0	0	0	0	4.75	0	0	0	0	0	0	0	0	0	35.625	0	7.125	0	0	0	0	0	0	0	26.7188	0	0	0	0	0	0	0	0	0	0	0	0	65.3125	0	0	0	0	0	14.25	0	0	0	0	83.7188	0	0	0	0	0	0	0	0	0	0	49.2812	0	0	0	0	0
69073	0	0	0	4.75	0	0	0	0	0	0	0	0	0	0	0	0	0	0	0	0	4.15625	10.0938	0	0	0	2.375	0	0	0	0	0	0	0	0	0	0	0	0	0	0	78.375	0	0	0	0	2.375	1.78125	0	0	0	0	0	0	0	0	0	0	0	0	0	0	0	0	0	0	0	0	0	0	0	0	0	0	0	0	0	0	0	0	0	0	4.15625	0	0	0	0	0	0	0	0	0	1.1875	0	0	0	0	0	0	0	0	0	0	0	0	49.875	0	0	0	0	0	1.1875	0	0	0	0	2.375	0	0	0	0	0	0	0	0	0	0	1.78125	0	0	0	0	0
69075	0	0	0	0	0	0	0	0	0	0	0	0	0	0	0	0	0	0	0	0	0	0	0	0	0	0	0	0	0	0	0	0	0	0	0	0	0	0	0	0	0	0	0	0	0	0	0	0	0	0	0	0	0	0	0	0	0	0	0	0	0	0	0	0	0	0	0	0	0	0	0	0	0	0	0	0	0	0	0	0	0	0	0	0	0	0	0	0	0	0	0	0	0	0	0	0	0	0	0	0	0	0	0	0	0	0	0	0	0	0	0	0	0	0	0	0	0	0	0	0	0	0	0	0	0	0	0	0	0	0	0	0
69077	0	0	0	0	0	0	0	0	0	0	0	0	0	0	0	0	0	0	0	0	0	0	0	0	0	0	0	0	0	0	0	0	0	0	0	0	0	0	0	0	0	0	0	0	0	0	0	0	0	0	0	0	0	0	0	0	0	0	0	0	0	0	0	0	0	0	0	0	0	0	0	0	0	0	0	0	0	0	0	0	0	0	0	0	0	0	0	0	0	0	0	123.5	0	0	0	0	0	0	0	0	0	0	0	0	3.5625	0	0	0	0	0	0	0	0	0	0	0	0	0	0	0	0	0	0	0	0	0	0	0	0	0	0	0
69079	0	0	0	1.78125	0	0	0	0	0	0	0	0	0	0	0	0	0	0	0	0	6.53125	49.875	0	0	0	10.6875	0	0	2.96875	0	0	0	0	0	0	0	0	0	0	0	16.625	0	0	0	0	127.656	4.15625	0	0	0	0	0	0	0	0	2.96875	0	0	0	0	0	0	0	0	0	0	0	0	0	0	0	0	0	0	0	0	0	0	0	0	0	0	0	0	0	0	0	0	0	0	0	0	0	0	0	0	0	0	0	0	1.1875	0	0	0	0	0	0	0	0	0	0	0	0	0	0	0	0	0	0	0	0	0	0	0	0	0	0	0	0	0	0	0
69081	0	0	0	1.1875	0	0	0	0	0	0	0	0	0	0	0	0	0	0	0	0	4.75	0	0	0	0	0	0	0	0	0	0	0	16.625	0	0	0	0	0	0	0	0	0	1.78125	0	0	45.7188	7.71875	0	0	0	0	0	0	0	0	0	0	0	0	0	0	0	0	0	0	0	0	0	0	0	0	0	0	0	0	0	0	0	0	0	158.531	0	0	0	0	0	0	0	4.15625	7.71875	0	19.5938	0	0	0	0	0	0	0	0	0	0	0	0	24.9375	0	0	0	0	0	0	0	0	62.9375	1.78125	0	0	0	0	0	0	0	0	0	0	0	0	0	0	0	0	0
69083	0	1.78125	0	0	0	0	0	7.71875	0	0	0	0	0	17.8125	1.1875	0	0	0	0	0	191.781	2.96875	5.9375	0	0	29.6875	0	54.0312	70.0625	0	0	1.1875	1.1875	1.1875	0	0	0	0	0	1.78125	87.2812	5.9375	13.6562	0	0	25.5312	113.406	0	0	0	0	0	0	0	0	1.78125	6.53125	0	0	0	10.6875	4.75	17.8125	0	4.75	0	0	0	0	0	0	0	0	0	0	0	0	0	10.6875	0	0	0	0	0	0	1.1875	0	0	2.375	7.71875	0	2.96875	0	0	14.8438	0	0	0	0	2.375	17.2188	0	0	2.96875	19	0	0	0	0	0	0	0	0	8.3125	11.2812	0	0	0	0	0	0	0	0	0	0	0	1.1875	0	0	0	0	0
69085	0	0	0	4.75	0	0	0	0	0	0	0	0	0	1.1875	0	0	0	0	0	0	0	113.406	0	0	0	1.78125	0	0	30.875	0	0	0	0	0	0	0	0	0	0	1.1875	79.5625	0	0	0	0	19.5938	8.3125	0	0	0	0	0	0	0	0	0	0	0	0	0	0	0	0	0	0	0	0	0	0	0	0	0	0	0	0	0	0	0	0	0	292.719	57.5938	0	0	0	0	0	0	1.1875	6.53125	0	1.78125	0	0	1.1875	0	0	0	0	0	1.1875	0	0	0	0	0	0	0	0	0	16.625	0	0	472.625	2.96875	7.125	0	0	0	0	0	0	0	0	0	0	2.375	0	0	0	0	0
69087	0	0	0	0	0	0	0	79.5625	0	3.5625	416.219	0	0	13.6562	0	0	0	0	0	0	0	68.2812	96.1875	0	0	0	0	0	67.0938	0	0	0	0	0	0	0	0	0	0	978.28	35.0312	57	0	343.531	0	0	0	0	0	0	0	0	0	0	0	0	0	0	0	0	83.875	111.312	0	0	110.438	0	0	0	0	0	0	0	0	0	0	0	0	0	2.96875	0	0	16.0312	0	0	0	0	0	0	0	0	0	0	0	0	0	0	0	0	0	0	4.75	0	0	1.78125	0	0	0	0	0	0	15.4375	0	0	0	0	0	0	0	0	0	0	0	0	0	0	0	1.1875	1.78125	0	0	0	0
69089	298.656	0	209.594	0	97.9688	0	96.7812	13.0625	0	0	0	3.5625	0	45.7188	1.78125	0	0	0	0	7.125	284.406	105.094	1.78125	1.1875	0	39.1875	0	24.3438	359.219	8.3125	13.6562	0	0	0	0	0	2.375	0	0	1.1875	11.875	31.4688	11.2812	0	0	0	67.0938	0	0	0	0	0	0	16.0312	0	13.6562	5.9375	0	0	0	264.812	116.969	77.1875	0	57.5938	0	0	0	29.6875	0	1.1875	0	0	0	0	0	0	0	18.4062	0	0	0	0	0	0	0	0	0	1.78125	0	0	0	0	0	2.96875	0	0	0	0	1.1875	8.90625	0	0	2.375	0	0	0	0	0	0	0	0	0	0	0	0	0	0	0	0	0	0	44.5312	0	0	0	0	0	0	0	0	0
69091	0	0	0	0	0	0	0	0	0	0	0	0	0	0	0	0	0	0	0	0	0	0	0	0	0	0	0	0	0	0	0	0	0	0	0	0	0	0	0	0	0	0	0	0	0	0	0	0	0	0	0	0	0	0	0	0	0	0	0	0	0	0	0	0	0	0	0	0	0	0	0	0	0	0	0	0	0	0	0	0	0	0	0	0	0	0	0	0	0	0	0	0	0	0	0	0	0	0	0	0	0	0	0	0	0	0	0	0	0	0	0	0	0	0	0	0	0	0	0	0	0	0	0	0	0	0	0	0	0	0	0	0
69093	10.6875	0	0	0	11.2812	0	1.1875	0	0	0	0	0	0	8.3125	0	0	0	0	0	12.4688	21.9688	0	0	0	0	0	0	0	3.5625	2.96875	5.34375	0	0	0	0	0	0	0	0	0	0	0	0	0	0	0	0	0	0	0	0	0	0	20.7812	0	0	0	0	0	0	36.2188	7.71875	2.96875	0	0	0	0	0	0	0	0	0	0	0	0	0	0	0	3.5625	0	0	0	0	2.96875	0	0	0	0	0	0	0	0	0	0	0	0	0	0	0	0	0	0	0	0	0	0	0	0	0	0	0	0	181.688	0	0	0	2.375	0	0	0	0	0	0	0	5.34375	0	1.1875	54.0312	0	0	0	0
69095	0	0	0	0	0	0	0	0	0	0	0	0	0	779.594	0	0	0	0	653.47	0	0	354.312	0	0	0	0	0	0	36.2188	24.3438	0	0	0	0	0	80.75	0	0	0	0	0	0	0	0	0	0	0	0	0	0	0	94.8125	109.25	7.125	0	0	0	0	612.5	0	1.78125	2.375	4.75	0	0	0	0	0	0	0	0	4.75	184.656	35.625	2.96875	0	0	0	0	0	0	0	0	553.719	0	0	0	0	0	13.0625	0	0	0	0	0	0	0	14.8438	0	152.594	0	0	0	7.125	23.1562	0	0	0	0	0	0	0	72.7188	6.53125	0	0	0	0	0	0	0	0	0	0	1.78125	0	0	61.1562	0	0	0	0
69097	1.1875	0	4.15625	0	1.78125	0	1.1875	0	0	0	0	0	0	71.25	0	0	0	0	2.96875	3.5625	0	3.5625	0	0	0	0	0	0	21.9688	10.6875	0	0	0	0	0	0	0	0	0	0	0	0	0	0	0	0	0	0	0	0	0	0	0	19	0	0	1.78125	0	416.25	0	98.5625	26.125	18.4062	0	0	0	0	0	1.1875	0	0	66.5	1.78125	0	0	0	0	1.78125	2.96875	0	0	0	0	14.25	0	0	0	0	0	0	0	0	0	0	0	0	0	0	0	1.78125	0	0	0	0	0	0	0	0	0	0	0	0	318.25	1.1875	0	0	0	0	0	0	0	0	0	0	2.375	0	0	28.5	0	0	0	0
69099	0	0	4.15625	0	1.1875	0	0	0	0	0	0	0	0	0	0	0	0	0	0	0	0	0	0	0	0	0	0	0	0	0	0	0	0	0	0	0	0	0	0	0	0	0	0	0	0	0	0	0	0	0	0	280.844	119.938	0	0	0	0	0	0	0	2.96875	1.1875	1.1875	0	0	0	0	0	0	0	0	0	0	0	0	0	0	0	0	0	0	0	0	0	0	0	0	0	0	0	0	0	0	0	0	0	0	0	0	0	0	0	0	0	0	0	0	0	0	0	0	0	0	0	0	0	0	0	0	0	0	0	0	0	0	0	0	0	0	0	0	0
69101	0	0	0	0	0	0	0	73.625	0	467.875	1387.88	0	0	0	0	0	0	0	0	0	0	0	0	0	0	0	0	0	2000	0	0	0	0	0	0	0	0	0	0	0	0	0	0	0	0	0	0	0	0	0	0	0	0	0	0	0	0	0	0	0	0	0	0	0	0	0	0	0	0	0	0	0	0	0	0	0	0	0	0	0	0	0	0	0	0	0	0	0	0	0	0	0	0	0	0	0	0	0	0	0	0	0	0	0	0	0	0	0	0	0	0	0	0	0	0	0	0	0	0	130.031	0	0	0	0	0	0	0	0	0	0	0	0
69103	35.625	0	30.875	0	18.4062	0	14.8438	0	0	0	0	0	0	2.375	0	0	0	0	0	1.1875	15.4375	0	1.1875	0	0	0	0	0	2.375	1.1875	4.15625	0	0	0	0	0	0	0	0	0	0	2.375	1.1875	0	0	0	0	0	0	0	0	0	0	1.1875	0	4.15625	57	0	0	0	6.53125	5.34375	0	0	8.90625	0	0	0	1.1875	0	0	0	0	0	0	0	0	0	0	0	0	0	0	0	0	0	0	0	0	0	0	0	0	0	0	0	0	0	0	0	0	0	0	0	0	0	0	0	0	0	0	0	0	0	0	0	0	0	0	0	0	0	0	0	0	0	0	0	0	0	0	0
69105	0	0	0	0	0	0	0	0	0	0	0	0	0	0	0	0	0	0	0	0	0	2.375	23.75	0	0	0	0	0	1.78125	0	0	0	0	0	0	0	0	0	0	0	0	12.5	0	0	0	0	0	0	25	0	0	23.1562	26.875	49.375	0	0	2.96875	30.625	0	0	0	0	0	0	0	0	0	0	58.125	0	101.875	1.1875	10.625	0	0	13.0625	0	0	0	0	0	0	0	28.125	0	0	0	0	0	0	0	0	12.4688	0	0	0	0	0	0	0	0	0	0	0	0	0	0	0	0	0	0	0	25.625	0	0	0	0	0	0	0	0	0	130.625	0	0	0	21.25	0	0	0	0	0
69107	0	0	0	0	0	299.844	0	87.875	1.1875	56.4062	120.531	0	0	7.71875	0	2.375	10.0938	131.219	0	0	0	0	0	0	0	0	0	0	0	0	0	0	0	0	0	0	0	0	0	5.9375	0	0	0	0	1.1875	0	0	0	0	4.15625	0	0	0	0	0	0	0	0	0	0	0	0	0	0	0	0	0	0	0	0	0	0	0	0	0	0	355.062	0	1.78125	6.53125	0	0	0	0	0	0	0	0	0	0	0	0	24.9375	0	0	0	0	7.71875	0	3.5625	0	0	0	101.875	3.5625	0	1.1875	7.71875	0	0	0	0	0	0	0	0	0	0	0	0	0	14.25	0	0	0	0	0	0	0	0	0	0
69109	236.156	0	245.062	0	135.062	0	83.125	5.9375	0	0	0	0	0	25.9688	0	0	0	0	0	35.0312	91.4375	42.1562	24.9375	0	0	17.2188	0	9.5	127.062	18.4062	2.96875	1.78125	0	0	0	0	0	0	0	3.5625	0	11.875	11.2812	0	0	0	24.3438	0	0	0	0	0	0	115.781	0	0	113.406	0	0	0	151.688	54.0312	11.2812	0	15.4375	0	0	0	0	0	90.25	0	0	0	0	0	0	1.1875	0	0	0	0	0	0	0	0	0	0	0	0	0	0	0	0	6.53125	0	0	0	0	0	20.1875	0	0	2.375	0	0	0	1.1875	0	0	0	0	0	0	0	0	2.96875	0	0	0	0	0	0	0	0	0	0	0	0	0	0	0
69111	0	0	0	0	0	0	0	0	0	0	0	0	0	0	0	0	0	0	0	0	0	0	0	0	0	0	0	0	0	0	0	0	0	0	0	0	0	0	0	0	0	0	0	0	0	0	0	0	0	0	0	0	0	0	0	0	0	0	0	0	0	0	0	0	0	0	0	0	0	0	0	0	0	0	0	0	0	0	0	0	0	0	0	0	0	0	0	0	0	0	0	0	0	0	0	0	0	0	0	0	0	0	0	0	0	0	0	0	0	0	0	0	0	0	0	0	0	0	0	0	0	0	0	0	0	0	0	0	0	0	0	0
69113	298.062	0	198.312	0	139.531	0	0	0	0	0	0	0	0	0	0	0	0	0	0	0	0	0	0	0	0	0	0	0	43.9375	0	0	0	0	0	0	0	0	0	0	0	0	0	0	0	0	0	0	0	0	0	0	0	0	0	0	0	0	0	0	0	0	0	0	0	0	0	0	0	0	0	0	0	0	0	0	0	0	0	0	0	0	0	0	0	0	0	0	0	0	0	0	0	0	0	0	0	0	0	0	0	0	0	0	0	0	0	0	0	0	0	0	0	0	0	0	0	0	0	0	0	0	0	0	0	0	0	0	0	0	0	0	0
69115	0	0	0	0	0	0	0	0	0	0	0	0	0	0	0	0	0	0	0	0	0	0	0	0	0	0	0	0	0	0	0	0	0	0	0	0	0	0	0	0	0	0	0	0	0	0	0	0	0	0	0	0	0	0	0	0	0	0	0	0	0	0	0	0	0	0	0	0	0	0	0	0	0	0	0	0	0	0	0	0	0	0	0	0	0	0	0	0	0	0	0	0	0	0	0	0	0	0	0	0	0	0	0	0	0	0	0	0	0	0	0	0	0	0	0	0	0	0	0	0	0	0	0	0	0	0	0	0	0	0	0	0
69117	0	0	0	0	0	0	0	0	0	413.25	0	0	0	0	0	0	0	0	0	0	0	0	0	0	0	0	0	0	0	0	0	0	0	0	0	0	0	0	0	0	0	0	0	0	0	0	0	29.6875	0	0	0	0	0	0	0	0	0	0	0	0	0	0	0	0	0	0	0	0	0	0	0	0	0	0	0	0	0	0	0	0	0	0	0	0	0	0	0	0	0	0	0	0	0	0	0	0	0	0	0	0	0	0	0	0	0	0	0	0	0	0	0	0	0	0	0	0	0	0	0	0	6.53125	0	0	0	0	0	0	0	0	0	0	0
69119	0	0	0	0	0	0	0	78.594	0	26.7188	0	0	0	0	0	0	0	0	0	0	0	0	0	0	0	0	0	0	0	0	0	0	0	0	0	0	0	0	0	0	0	0	0	0	0	0	0	0	0	0	0	0	0	0	0	0	0	0	0	0	0	0	0	0	0	0	0	0	0	0	0	0	0	0	0	0	0	0	0	0	0	0	0	0	0	0	0	0	0	0	0	0	0	0	0	0	0	0	0	0	0	0	0	0	0	0	0	0	0	0	0	0	0	0	0	0	0	0	0	0	55.2188	0	0	0	0	0	0	0	0	0	0	0
69121	0	0	0	0	0	0	0	0	0	0	0	0	0	0	0	0	0	0	0	0	0	0	0	0	0	0	0	0	0	0	0	0	0	0	0	0	0	0	0	0	0	0	0	0	0	0	0	0	0	0	0	0	0	0	0	0	0	0	0	0	0	0	0	0	0	0	0	0	0	0	0	0	0	0	0	0	0	0	0	0	0	0	0	0	0	0	0	0	0	0	0	0	0	0	0	0	0	0	0	0	0	0	0	0	0	0	0	0	0	0	0	0	0	0	0	0	0	0	0	0	0	0	0	0	0	0	0	0	0	0	0	0
69123	0	0	0	0	0	0	0	0	0	0	0	0	0	0	0	0	0	0	0	0	0	0	0	0	0	0	0	0	0	0	0	0	0	0	0	0	0	0	0	0	0	0	0	0	0	0	0	0	0	0	0	0	0	0	0	0	0	0	0	0	0	0	0	0	0	0	0	0	0	0	0	0	0	0	0	0	0	0	0	0	0	0	0	0	0	0	0	0	0	0	0	0	0	0	0	0	0	0	0	0	0	0	0	0	0	0	0	0	0	0	0	0	0	0	0	0	0	0	0	0	0	0	0	0	0	0	0	0	0	0	0	0
69125	0	0	0	0	0	0	0	0	0	0	0	0	0	0	0	0	0	0	0	0	0	0	0	0	0	0	0	0	0	0	0	0	0	0	0	0	0	0	0	0	0	0	0	0	0	0	0	0	0	0	0	0	0	0	0	0	0	0	0	0	0	0	0	0	0	0	0	0	0	0	0	0	0	0	0	0	0	0	0	0	0	0	0	0	0	0	0	0	0	0	0	0	0	0	0	0	0	0	0	0	0	0	0	0	0	0	0	0	0	0	0	0	0	0	0	0	0	0	0	0	0	0	0	0	0	0	0	0	0	0	0	0
69127	0	0	0	0	0	0	0	0	0	0	0	0	0	0	62.3438	0	0	0	0	0	0	0	0	0	0	0	0	0	49.2812	0	0	0	0	0	0	0	0	0	0	0	0	4.15625	0	0	0	0	0	0	0	0	0	0	24.3438	0	0	0	0	0	0	0	0	0	0	0	0	0	0	0	0	0	0	0	0	0	0	0	0	541.5	0	0	0	0	0	0	0	0	0	0	0	0	0	0	0	0	0	0	0	0	0	0	0	0	0	0	0	0	0	0	0	0	0	0	5.34375	0	0	0	0	0	0	0	0	0	0	0	0	0	0	0	0	0	0	0
69130	0	0	0	0	0	0	0	7.71875	0	0	1.1875	438.188	0	0	0	19	0	0	0	0	0	0	0	0	0	0	0	0	0	0	0	0	0	0	0	0	0	0	0	0	0	0	0	0	0	0	0	0	0	0	0	0	0	0	0	0	0	0	0	0	0	0	0	0	0	0	0	0	0	1.1875	0	0	0	0	0	0	24.9375	33.25	1.1875	0	0	0	0	0	0	0	0	0	0	0	0	0	0	0	0	0	0	0	0	0	0	0	0	0	0	3.5625	0	1.1875	0	0	0	0	0	0	0	0	0	0	0	0	0	0	0	0	0	0	0	0	0	0	0	0
69132	0	0	0	0	0	0	0	49.875	0	0	0	10.6875	0	0	0	2.96875	0	0	0	0	0	0	0	0	0	0	0	0	0	0	0	0	0	0	0	0	0	0	0	0	0	0	0	0	0	0	0	0	0	0	0	0	0	0	0	0	0	0	0	0	0	0	0	0	0	0	0	0	0	0	0	0	0	0	0	0	0	656.688	4.15625	0	0	0	0	0	0	0	0	0	0	0	0	0	0	0	0	0	0	0	0	0	0	0	0	0	0	155.562	0	526.656	0	0	0	0	0	0	0	0	1.1875	0	0	0	0	0	0	0	0	0	0	0	0	0	0	0
69134	0	0	0	0	0	15.4375	0	49.2812	0	0	0	0	0	0	0	0	1.78125	19	0	0	0	0	0	0	0	0	0	0	0	0	0	0	0	0	0	0	0	0	0	115.188	0	0	0	0	43.9375	0	0	0	0	0	0	0	0	0	0	0	0	0	0	0	0	0	0	0	0	0	0	0	0	0	0	0	0	0	0	0	0	0	16.0312	0	0	0	0	0	0	0	0	0	0	0	0	0	0	0	0	0	0	0	0	0	0	0	1.1875	1.78125	0	0	0	0	0	0	0	0	0	0	0	0	0	0	0	0	0	0	0	0	0	0	0	0	0	0	0	0
69136	0	0	0	0	0	0	0	0	0	0	0	0	0	0	0	0	0	0	0	0	0	0	0	0	0	0	0	0	0	0	0	0	0	0	0	0	0	0	0	0	0	0	0	0	0	0	0	0	0	0	0	0	0	0	0	0	0	0	0	0	0	0	0	0	0	0	0	0	0	0	0	0	0	0	0	0	0	0	0	0	0	0	0	0	0	0	0	0	0	0	0	0	0	0	0	0	0	0	0	0	0	0	0	0	0	0	0	0	0	0	0	0	0	0	0	0	0	0	0	0	0	0	0	0	0	0	0	0	0	0	0	0
69138	0	2.375	2.96875	169.812	0	0	0	0	0	0	0	0	0	0	0	0	0	0	0	0	174.562	59.9688	0	0	0	17.8125	0	1.1875	0	0	0	5.34375	57.5938	3.5625	0	0	0	0	0	0	730.906	0	2.375	0	0	22.5625	2.375	0	0	0	0	0	0	0	0	15.4375	51.6562	0	0	0	0	0	0	0	0	0	0	0	0	0	0	17.8125	5.9375	0	0	0	0	0	0	0	0	63.5312	0	7.125	0	13.0625	0	0	0	31.4688	0	0	0	0	2.96875	0	0	0	0	0	0	0	0	0	0	0	0	0	0	16.625	44.5312	0	0	11.875	0	49.2812	0	0	0	0	0	0	1.78125	0	1.78125	0	125.875	8.90625	0	0	0	0
69140	0	0	0	0	0	0	0	0	0	0	0	0	0	0	0	0	0	0	0	0	0	10.6875	0	0	0	2.375	0	0	0	0	0	0	0	0	0	0	0	0	0	0	29.0938	0	0	0	0	21.375	0	0	0	0	0	0	0	0	0	0	0	0	0	0	0	0	0	0	0	0	0	0	0	0	0	0	0	0	0	0	0	0	0	0	0	0	0	0	0	0	0	0	0	0	0	0	0	0	0	0	0	0	0	0	0	0	0	0	0	0	0	0	0	0	0	0	0	0	0	0	0	0	0	0	0	0	0	0	0	0	0	0	0	0	0	0
69142	0	0	0	6.53125	0	0	0	0	0	0	0	0	0	0	0	0	0	0	0	0	0	0	0	0	0	0	0	0	0	0	0	0	2.96875	0	0	0	0	0	0	0	0	0	0	0	0	0	0	0	0	0	0	0	0	0	0	0	0	0	0	0	0	0	0	0	0	0	0	0	0	0	0	0	0	0	0	0	0	0	0	0	0	0	0	0	0	0	0	0	0	1.78125	0	0	0	0	0	0	0	0	0	0	0	0	0	0	0	0	0	0	0	0	0	0	0	0	0	2.96875	0	0	0	0	0	0	0	0	0	0	0	0	0	0	0	0
69144	0	0	0	0	1.1875	0	0	0	0	0	0	0	0	0	0	0	0	0	0	0	0	0	0	0	0	0	0	0	0	0	0	0	0	0	0	0	0	0	0	0	0	0	0	0	0	0	0	0	0	0	0	0	0	0	0	0	0	0	0	0	0	0	0	0	0	0	0	0	0	0	0	0	0	0	0	0	0	0	0	0	0	0	0	0	0	0	0	0	0	0	0	0	0	0	0	0	0	0	0	0	0	0	0	0	0	0	0	0	0	0	0	0	100.344	0	0	0	0	0	0	0	0	0	0	0	1.1875	0	0	1.78125	0	0	0	0
69629	0	0	0	0	0	0	0	0	0	0	0	0	0	0	0	0	0	0	0	0	0	0	0	0	0	0	0	0	0	0	0	0	0	0	0	0	0	0	0	0	0	0	0	0	0	0	0	0	0	0	0	0	0	0	0	0	0	0	0	0	0	0	0	0	0	0	0	0	0	0	0	0	0	0	0	0	0	0	0	0	0	0	0	0	0	0	0	0	0	0	0	0	0	0	0	0	0	0	0	0	0	0	0	0	0	0	0	0	0	0	0	0	0	0	0	0	0	0	0	0	0	0	0	0	0	0	0	0	0	0	0	0
72788	0	0	0	0	0	0	0	0	0	0	0	0	0	0	0	0	0	0	0	0	0	0	0	0	0	0	0	0	0	0	0	0	0	0	0	0	0	0	0	0	0	0	0	0	0	0	0	0	0	0	0	0	0	0	0	0	0	0	0	0	0	0	0	0	0	0	0	0	0	0	0	0	0	0	0	0	0	0	0	0	0	0	0	0	0	0	0	0	0	0	0	0	0	0	0	0	0	0	0	0	0	0	0	0	0	0	0	0	0	0	0	0	0	0	0	0	0	0	0	0	0	0	0	0	0	0	0	0	0	0	0	0
73577	300	0	0	0	0	0	0	0	0	0	0	0	0	0	0	0	0	0	0	0	0	0	0	0	0	0	0	0	0	0	0	0	0	0	0	0	0	0	0	0	0	0	0	0	0	0	0	0	0	0	0	0	0	0	0	0	0	0	0	0	0	0	0	0	0	0	0	0	0	0	0	0	0	0	0	0	0	0	0	0	0	0	0	0	0	0	0	0	0	0	0	0	0	0	0	0	0	0	0	0	0	0	0	0	0	0	0	0	0	0	0	0	0	0	0	0	0	0	0	0	0	0	0	0	0	0	0	0	0	0	0	0