0	55733	55761	55838	55866	55894	55924	55966	56134	56197	56305	56342	56451	56458	56508	56535	56540	56581	56588	56603	56699	56738	56802	56812	56910	57008	57061	57104	57171	57227	57334	57422	57562	57642	57693	57796	57891	57904	58029	58160	58274	58307	58337	58365	69152	69154	69156	69158	69160	69162	69165	69167	69169	69171	69173	69175	69177	69180	69182	69184	69186	69188	69190	69192	69194	69196	69199	69201	69203	69205	69207	69209	69211	69213	69215	69217	69219	69221	69223	69225	69227	69229	69232	69234	69236	69238	69241	69243	69246	69248	69250	69252	69254	69256	69258	69260	69262	69264	69266	69268	69270	69272	69274	69276	69278	69280	69283	69285	69287	69289	69291	69293	69295	69297	69299	69301	69303	69305	69307	69309	69311	69313	69315	69317	69319	69321	69323	69325	69327	69629	72788	73575	73577
55733	0	0	0	0	0	0	0	0	0	0	0	0	0	0	0	0	0	0	0	0	0	0	0	0	0	0	0	0	0	0	0	0	0	0	0	0	0	0	0	0	0	0	0	0	0	0	0	0	0.988	0	0	0	0	0	0	0	0	0	0	0	0	0	0	0	0	0	0	0	0	0	0	0	0	3.496	0	0	0	0	0	0	0	0	0	0	0	0	0	0	0	0	0	0	0	0	0	0	0	0	0	0	0	0	0	0	0	0	0	0	0	0	0	0	0.76	0	0	0	0	0	0	0	0	0	0	0	0	0	0	0	0	0	0	0
55761	0	0	0	0.608	0	0	0	0	0	0	0	0	0	1.9	0	0	0	0	0	0	56.696	0	0	0	0	0	0	20.748	0	0	0	0.152	6.612	0.304	0	0	0	0	0	0	0.304	0	24.472	0	0	1.368	29.032	0	0	0	0	0	0	0	18.392	0	0	0	0	0	0	0	0	0	0	0	0	0	0	0	0	1.368	7.828	0	0	0	0	0	0	0	0	0.76	0	20.064	0	3.268	0	0	8.892	0.228	0	1.9	0	0	4.18	0	0	0	0	0.228	7.372	0	0	0.988	10.792	0	0	0	0	0	0.152	0	0.152	45.22	6.764	8.512	0	0	0	0	0	0	0	0	0.152	0	8.74	0	0	0	0	0
55838	0.228	0	0	0	0	0	0.228	0	0	0	0	0	0	98.496	0	0	0	1.9	0.228	0	0	0.152	0	0	0	0	0	0	243.276	44.384	0	0	0	0	0	0.152	0	0	0	0	0	0.228	0	0	0	0	0.228	0	0	0	0	0	0	0.684	0	0	0	0	0	0	0	0	0	0	0	0	0	0	0	0	0	0	0	0	0	0	0	0	0	0	0	0	0	0	0	0	0	0	0	0	0	0	0	0	0	0	0	0.76	0	0.228	0	0	0	0	0	0	0	0	0	0	0	0	2.888	0	0	0	0	0	0	0	0	0	0	0	0.152	0	0	0	0	0	0	0
55866	0	0	0	0	0	0	0	0	0	0	0	0	0	0	0	0	0	0	0	0	0	1.748	0	0	0	0	0	0	0.38	0	0	0	0.152	0	0	0	0	0	0	0.304	0	0	0	0	0	0.532	0	0	0	0	0	0	0	0	0	0	0	0	0	0	0	0	0	0	0	0	0	0	0	0	0	0	0	0	0	0	0	0	0	0	0	0.38	0	0.684	0	1.824	0	0	7.752	0.152	0	2.812	0	0	0	0	0	0	0	0	0	0	0	0	25.916	0	0	0	0	0	0	0	0	0	0	3.42	0	0	0	0	0	0	0	0	0	0	0.836	0.152	0	0	0	0
55894	1.748	0	9.5	0	0	0	0.608	0	0	0	0	0	0	0	0	0	0	0	0	13.604	0	0	0.304	0	0	0	0	0	0.152	0.38	0	0	0	0	0	0	0	0	0	0	0	0.304	0	0	0	0	0	0	0	0	0	0	0	0.152	0	4.104	56.392	0	0	0	0	0	0	0	0	0	0	0	0.152	0	0.456	0	0	0	0.152	0	0	0	0	0	0	0	0	0	0	0	0	0	0	0	0	0	0	0	0	0	0	0	0	0	0	0	0	0	0	0	0	0	0	0	0	0	2.28	0	0	0	0	0	0	0	0	0	3.344	0.38	0	0	1.672	0	0	0	0	0
55924	0	0	0	0	0	0	0	0	0	0.228	0	0	0	0.76	0	0	1.52	3.952	0.304	0	0	0	0	2.204	0	0	0	0	0	0	0	0	0	0	0	0	0	0	0	0	0	0	0	0	0	0	0	0.988	0	0	0	0	0	0	0	0	0	0	0	0	0	0	0	0	0	0	0	0	0	0	0	0	0	0	0	44.84	10.64	0	0.684	0.836	0	0	0	0	0	0	0	0	0	0	0	0	0	0	0	0	0	0.988	0	0	0	0	0	0.684	0	0	0	0	0	0	0	0	0	0	0	0	0	0	0	0	0	0	0	0	0	0	0	0	0	0	0	0
55966	0	0	0	0	0.152	0	0	0	0	0	0	0	0	0.836	0	0	0.304	0.684	3.648	26.752	0	5.244	0	0	0	0	0	0	0.152	0.304	0.152	0	0	0	0	0	0	0	0	0	0	0	0	0	0	0	0	0	4.788	0	0	4.788	1.292	0.456	0	0.152	0.608	0	0	0	0	0	0	0	0	0	0	0	0.152	0	0	0	0	0	3.496	0	0	0	0	0	0	0	0	0	0	0	0	0	0	0	0	0	0	0	0	0	0	63.384	0	0.152	0	0	0	0.38	0	0	0	0	0	0	0	0	78.964	0	0	0	0	0	0	0	0	0	1.596	0.152	0.608	0	0.912	0	0	0	0	0
56134	0	0	0	0	0	0	0	0	0	0	0	0.152	0	0.684	4.408	0	0	0	0	0	0	9.272	0	0	0	7.372	0	0	39.596	0	0	0	0	0	0	0	0	0	0	0	1.368	3.952	0	0	0	0	0	0	0	0	0	0	0.836	0	0	0	0	0	0	0	0	0	0	0	0	0	0	0	0	0	0	0	0	0	0	0	0.152	0.456	1.14	0	0	0	0	0	0	0	0	0	0	0	0	0	0	0	0	0	0	0	0	0.38	0	0	0	0.76	0	0	0	0	0	0	0	0	0.532	0	0	0	1.444	0	0	0	0	0	0	0	0	0	0	0	0	0	0	0
56197	0	0	0	0	0	0	0	0.152	0	0	0	0.228	0	0	0	0.152	0	0	0	0	0	0	0	0	0	0	0	0	1.444	0	0	0	0	0	0	0	0	0	0	0	0	0	0	0	0	0	0	0	0	0	0	0	0	0	0	0	0	0	0	0	0	0	0	0	0	0	0	0	0	0.152	0	0	0	0	0	0	0	34.504	0	0	0	0	0	0	0	0	0	0	0	0	0	0	0	0	0	0	0	0	0	0	0	0	0	0	0	0	0	2.508	0	0	0	0	0	0	0	0	11.096	0	0	0	0	0	0	0	0	0	0	0	0	0	0	0
56305	0	0	0	0	0	0.304	0	82.08	0.304	0	0	0	0	0.152	0	0	0.304	1.216	0	0	0	0	0	0	0	0	0	0	0	0	0	0	0	0	0	0	0	0	0	0	0	0	0	0	4.332	0	0	1.596	0	6.992	0	0	0	0	0	0	0	0	0	12.008	0	5.7	0	0	0	0	0	0	0	0	0	0	0	0	0	0	0.684	0.304	8.892	0.988	0	0	0	0	0	0	0	0	0	0	0	0	0	0	0	0	0	0	0	0	0	0	0	0	0	0	0	0	0	0	0	0	0	0	0	0	2.128	0	0	0	0	1.444	0	0	0	0	0	0	0	0	0	0
56342	0	0	0	0	0	0.684	0	0	0	0	0	0	0	0	0	0	0	0	0	0	0	0	0	0	0	0	0	0	0	0	0	0	0	0	0	0	0	0	0	0	0	0	0	0	0	0	0	2.736	0	0	0	0	0	0	0	0	0	0	0	0	0	0	0	0	0	0	0	0	0	0	0	0	0	0	0	0.152	21.052	0.152	13.528	19.988	0	0	0	0	0	0	0	0	0	0	0	0	0	0	0	0	0	0	0	0	0	0	0	0	0	0	0	0	0	0	0	0	0	0	0	0	0.608	0	0	0.608	0	0	0	0	0	0	0	0	0	0	0	0
56451	0	0	0	0	0	0	0	0.152	0	0	0	0	0	0	6.232	0.228	0	0	0	0	0	1.9	0.152	0	0	1.216	0	0	34.276	0	0	0	0	0	0	0	0	0	0	0	0	4.484	0	0	0	0	0	0.228	0.684	0	0	2.66	9.88	15.884	0	0	0	3.268	0	0	0	0	0	0	0	0	0	0	1.976	96.292	2.66	0	0	0	0	0	0	1.52	0	0	0	0	0	0	0	0	0	0	0	0	0	0	0	0	0	0	0	0	0	0	0	0	0	0	0	0	0	0.228	0	0	0	0	2.28	0	0	0	0	0	0	0	0	0	0	0	0	0	0.304	0	0	0	0	0
56458	0	0	0	0	0	0	0	0	0	0	0	0	0	0	0	0	0	0	0	0	0	0	0	0	0	0	0	0	0	0	0	0	0	0	0	0	0	0	0	0	0	0	0	0	0	0	0	0	0	0	0	0	0	0	0	0	0	0	0	0	0	0	0	0	0	0	0	0	0	0	0	0	0	0	0	0	0	0	0	0	0	0	0	0	0	0	0	0	0	0	0	0	0	0	0	0	0	0	0	0	0	0	0	0	0	0	0	0	0	0	0	0	0	0	0	0	0	0	0	0	0	0	0	0	0	0	0	0	0	0	0	0
56508	0	0	0	0	0	0	0	0.152	0	137.408	37.772	0	0	0	0	0	0	0	0	0	0	0	0	0	0	0	0	0	0	0	0	0	0	0	0	0.304	0	0	0	188.496	0	0	0	53.2	0	0	0	0	0	0	0	0	0	0	0	0	0	0	0	0	0	0	0	0	0	0	0	0	0	0	0	0	0	0	0	0.532	0	0	0	0	0	0	0	0	0	0	0	0	0	0	0	0	1.216	0	0	0	0	2.28	0	0	0	0	0	3.952	0	0	0	0	0	0	0	0	0	0	0	0	0	0	0	0	0	0	0	0	0	0	0	0	0	0	0	0
56535	0	0	0	0	0	0.152	0	0.304	0	0	0	0	0	0	0	0	0	0.228	0	0	0	0	0	0	0	0	0	0	0	0	0	0	0	0	0	0	0	0	0	0	0	0.228	0	0	0	0	0	0	0	0	0	0	0	0	0	0	0	0	0	0	1.292	0.456	0.304	0	0.76	0	0	0	0	0	0	0	0	0	0	0	0	0	0.988	0	0	0	0	0	0	0	0	0	0	0	0	0	0	0	0	0	0	0.304	0	0	0	0	0	0.152	0	0	0	0	0	0	0	0	0	0	0	0	0	0	0	0	0	0	0	0	0	0	0	0	0	0	0	0
56540	0	0	0	0	0	0	0	0	0	0	0	0.152	0	0	22.572	0	0	0	0	0	0	6.308	0.228	0	0	0	0	0	114.788	0	0	0	0	0	0	0	0	0	0	0	0	3.724	0	0	0	0	0	0	0.38	0	0	4.028	9.728	6.156	0	0	0	0.912	0	0	0	0	0	0	0	0	0	0	2.356	0	0.912	0	0	0.304	0	0	0.304	0.456	0	0	0	0	0	0	0	0	0	0	0	0	0	0	0	0	0	0	0	0	0	0	0	0	0	0	0	0	0	0.152	0	0	0	0	4.94	0	0	0	0	0	0	0	0	0	0	0	0	0	0	0	0	0	0	0
56581	0	0	0	0	0	0	0	0	0	0	0	0	0	0	0	0	0	0	0	0	0	0	0	0	0	0	0	0	0	0	0	0	0	0	0	0	0	0	0	0	0	0	0	0	0	0	0	0	0	0	0	0	0	0	0	0	0	0	0	0	0	0	0	0	0	0	0	0	0	0	0	0	0	0	0	0	0	0	0	0	0	0	0	0	0	0	0	0	0	0	0	0	0	0	0	0	0	0	0	0	0	0	0	2.052	0	0	0	0	0	0	0	0	0	0	0	0	0	0	0	0	0	0	0	0	0	0	0	0	0	0	0	0
56588	0	0	0	0	0	0	0	2.204	0	6.992	21.736	0	0	0.304	0	0	0	0	0	0.456	0	0	0.228	0.988	0	0	0	0	0	0	0	0	0	0	0	0	0	0	0	4.636	0	0	0	262.2	0	0	0	0	0	0	0	0	0	0	0	0	0	0	0	0	1.216	0.532	0.38	0	0.228	0	0	0	0	0	0	0	0	0	0	0.152	0	0	7.068	0	0	0	0	0	0	0	0	0	0	0	0	0	0.152	0	0	0	0	2.204	0	0	0	0	0	2.432	0	0	0	0	0	0	0	0	0	0	0	0	0	0	0	0	0	0	0	0	0	0	0	0	0	0	0	0
56603	0	0	0	0	0	0	0.836	1.14	0	0	0	0	0	0.152	0	0	0	0	0	11.628	0	0	0	0.304	0	0	0	0	0.228	0.532	0	0	0	0	0	0	0	0	0	0	0	0.304	0	0	0	0	0	0	0.912	0	0	0	0	0.608	0	2.66	0.456	0.304	0	0	1.9	0	0	0	1.064	0	0	0	1.9	0	0.152	0	0	0	0.532	0	0	0	0	0	0	0	0	0	0	0	0	0	0	0	0	0	0	0	0	0	0	0	0	0	0	0	0	0	0	0	0	0	0	0	0	0	0.912	0	0	0	0	0	0	0	0	0	70.148	20.824	0	0	0	0	0	0	0	0
56699	0.988	0	2.28	0	0.152	0	0.608	0	0	0	0	0	0	1.368	0	0	0	0	0	0	0	0	0	0	0	0	0	0	2.736	1.976	0	0	0	0	0	0	0	0	0	0	0	0	0	0	0	0	0	0	0	0	0	0	0	0	0	0.38	1.444	0	0	0	0	0	0	0	0	0	0	0	0	0	0	0	0	0	0	0	0	0	0	0	0	0	0	0	0	0	0	0	0	0	0	0	0	0	0	0	0	0	0	0	0	0	0	0	0	0	0	0	0	0	0	0	79.572	0	0	0	0	0	0	0	0	0	0	0	2.356	0	0	0.152	0	0	0	0
56738	0	0	0	0.152	0	0	0	0	0	0	0	0	0	0	0	0	0	0	0	0	0	0	0	0	0	0	0	0.152	0	0	0	0	0	0	0	0	0	0	0	0	0.228	0	0.304	0	0	0	0.304	0	0	0	0	0	0	0	0	0	0	0	0	0	0	0	0	0	0	0	0	0	0	0	0	0	0	0	0	0	0	0	0	0	0	0	0	0	0	0.152	0	0	0	1.9	0	4.864	0	0	0	0	0	0	0	0	0	0	0	0	17.328	0	0	0	0	0	0	0	0	0.988	0	1.064	0	0	0	0	0	0	0	0	0	0	0.228	0	0	0	0	0
56802	0	0	0	0	0	0	0.152	5.852	0	14.896	0	0	0	0	0	0	0	0	0	0	0	0	0.836	8.436	0	0.38	0	0	0	0.152	32.604	2.584	0	8.968	0	0	18.544	4.332	0	0	0.532	0.532	0	0.152	0	0	0	0	0	0	0	0	0	0	1.368	4.18	0	0	0	0	5.396	2.508	1.14	0	2.204	0	0	0	0	0	0	0	0	0	0.38	0	0	0	0.228	0	0	20.52	0	0	0	0	0	0	0	0	0	3.496	0	0	0	0	0	0	0	0	0	0	0	0	12.54	0	0	0	0	73.948	6.916	0	6.46	0	0	37.24	0	0	0	0	0	0	37.316	9.5	2.28	0	0	2.204	0	0	0	0
56812	0	0	0	0	0	0.38	0	0.152	0	0	0	0	0	0	0	0	0	0	0	0	0	0	0	0	0	0	0	0	0	0	0	0	0	0	0	0	0	0	0	0	0	0.532	0	0	0	0	0	0	0	0	0	0	0.152	0	0	0	0	0	0	0	0.532	0.152	0	0	0	0	0	0	0	0	0	0	0	0	0	0	0	0	0.76	0	0	0	0	0	0	0	0	0	0	0	0	0	0	0	0	0	0	0	0	0	0	0	0	0	0	0	0	0	0	0	0	0	0.152	0	0	0	0	0	0	0	0	0	0	0	0	0	0	0	0	0	0	0
56910	0	0	0	0	0	0	0	0	0	0	0	0	0	0	0	0	0	0	0	0	0	0	0	0	0	0.152	0	0	0	0	4.18	0	0	0	0	0	0.152	0.228	0	0	0.304	0	0	0	0	0	0	0	0	0	0	0	0	0	0	0	0	0	0	0	0	0	0	0	0	0	0	0	0	0	0	0	0.152	0	0	0	0	0	0	0	0	0	0	0	0	0	0	0	0	0	0	0	0	0	0	0	0	0	0	0	0	0	0	0	0.38	0	0	0	0	0	0	0	2.584	0.456	0	0.152	0	0	0	0	0	0	0	0	0	0	1.292	0	0	0	0	0
57061	0	0.228	0	0.532	0	0	0	0	0	5.548	0	0	0	0	0	0	0	0	0	0	0.76	0	0	0	0	0	0	1.292	0	0	0	0	0.304	0	0	0	0	0	0	0	0.456	0	0.304	0	0	0	1.596	0	0	0	0	0	0	0	0	0.304	0.532	0	0	0	0	0	0	0	0	0	0	0	0	0	0	0.608	1.064	0	0	0	0	0	0	0	0	0.684	0	0.76	0	0.608	0	0	0.152	0.76	0	5.092	0	0	0.228	0	0	0	0	0	0.152	0	0	0	14.972	0	0	0	0	0	0.152	0	0	4.56	0	4.94	0	0	0	0	0	0	0	0	0	0	3.648	0	0	0	0	0
57104	0	0	0	0	0	0	0	0	0	0	0	0	0	0	0	0	0	0	0	0	0	0	0	0	0	0	0	0	0	0	0	0	0	0	0	0	0	0	0	0	0	0	0	0	0	0	0	0	0	0	0	0	0	0	0	0	0	0	0	0	0	0	0	0	0	0	0	0	0	0	0	0	0	0	0	0	0	0	0	0	0	0	0	0	0	0	0	0	0	0	0	0	0	0	0	0	0	0	0	0	0	0	0	0	0	0	0	0	0	0	0	0	0	0	0	0	0	0	0	0	0	0	0	0	0	0	0	0	0	0	0	0
57171	0	0	0	0	0	0	0	0	0	0	0	0	0	0	0	0	0	0	0	0	0	0	0	0	0	0	0	0	0	0	0	0	0	0	0	0	0	0	0	1.064	0	0	0	0	0	0	0	0	0	0	0	0	0	0	0	0	0	0	0	0	0	0	0	0	0	0	0	0	0	0	0	0	0	0	0	0	0	0	0	0	0	0	0	0	0	0	0	0	0	0	0	0	0	0	0	0	0	0	0	0	0	0	0	0	0	0	0	0	0	0	0	0	0	0	0	0	0	0	0	0	0	0	0	0	0	0	0	0	0	0	0	0
57227	0	0	0	0	0.152	0	0	0	0	0	0	0	0	0.304	0	0	0	0	11.02	1.292	0	0	0	273.6	0	0	0	0	0	0	273.6	0.38	0	4.028	0	0	1.9	19	0	0	0	0	0	0	0	0	0	0	0	0	0	8.208	20.292	0	0	0	0	0	0	0	0	0	0	0	0	0	0	0	0	0	0	4.18	0.912	0	2.28	0	0	0	0	0	0	0	0	14.288	0	0	0	0	0	0	0	0	3.876	0	0	0	0	36.024	0	0.228	0	0	0	0	0	0	0	0	0	4.408	0.608	0	16.112	0	0	0.152	0	0	0	0	0	0	0	0	0.608	0	4.18	0.152	0	0	0	0
57334	0	0	0	0	0	0	0.228	0.912	0	0	0	0	0	0.152	0	0	0.152	0.836	0.38	7.6	0	0.76	0.152	0.228	0	0.152	0	0	0	0	0	0	0	0	0	0	0	0	0	0	0.304	0.228	0	0	0	0	0	0	1.52	0	0	0	0	0.684	0	1.14	0.532	0	0	0	8.588	2.28	0.304	0	2.812	0	0	0	0.152	0	0.228	0	0	0	4.56	0	0	0	0	0	0	0	0	0	0	0	0	0	0	0	0	0	0	0	0	0	0	52.668	0	0	0	0	0	1.292	0	0	0	0	0	0	0	0	0	0	0	0	0	0	0	0	0	0	0.76	0	0	0	0	0	0	0	0	0
57422	18.164	0	0	0	1.14	0	0	0	0	0	0	0	0	0	0	0	0	0	0	0	0	0	1.216	0	0	0	0	0	0	0	0	0.152	0	0	0	0	0.152	0	0	0	0.152	0	0	0	0	0	0.532	0	0	0	0	0	0	0	0	0.988	2.736	0	0	0	1.52	1.064	0	0	0	0	0	0	1.14	0	1.14	0	0	0	0	0	0	0	0	0	0	0	0	0	0	0	0	0	0	0	0	0	0	0	0	0	0	0	0	0	0	0	0	0	0.152	0	0	0	0	0	0	0	3.116	0	0	0	0	0	0	0	0	0	0.228	0	35.796	0	1.596	0.228	0	0	0	0
57562	0	0.152	0	0	0.532	0	0	0	0	0	0	0	0	0	0	0	0	0	0	0	0	0	0	0	0	0	0	0	0	0	0	0	0	0.228	0	0	0.152	0	0	0	0.228	0	0.152	0	0	0	0.152	0	0	0	0	0	0	0	0	0.152	0.608	0	0	0	0	0	0	0	0	0	0	0	0	0	0	0	0	0	0	0	0	0	0	0	0	0	0	0	0	0	0	0	0	0	0	0	0	0	0	0	0	0	0	0	0	0	0	0	0.152	0	0	0	0	0	0	0	1.52	0	0	0	0	0	0	0	0	0	0	0	0.76	0	19.912	0	0	0	0	0
57642	0	0	0	0	0	0	0	0	0	0	0	0	0	0	0	0	0	0	0	0	0	4.712	0	0	0	0	0	0	0.228	0	0	0	0	0	0	0	0	0	0	0	0	0	0	0	0	0.228	0	0	0	0	0	0	0	0	0	0	0	0	0	0	0	0	0	0	0	0	0	0	0	0	0	7.296	0.304	0	0	0	0	0	0	0	0	67.032	0	6.232	0	0	0	0	0.684	0.152	0	8.36	0	0	0	0	0	0	0	0	0	0	0	0	21.432	0	0	0	0	0	5.624	0	0	0.152	0	93.632	0	0	0	0	0	0	0	0	0.304	0	53.58	0.152	0	0	0	0
57693	0	0.304	0	0.456	0	0	0	0	0	0	0	0	0	0	0	0	0	0	0	0	4.56	0	0	0	0	0	0	0.152	0	0	0	0	0.228	0	0	0	0	0	0	0	0.608	0	3.952	0	0	0.152	1.064	0	0	0	0	0	0	0	5.092	0	0	0	0	0	0	0	0	0	0	0	0	0	0	0	0	0.608	0.152	0	0	0	0	0	0	0	0	0	0	0	0	0.456	0	0	2.812	0.228	0	1.976	0	0	0.152	0	0	0	0	0	0	0	0	0	7.448	0	0	0	0	0	0	0	0	3.116	1.596	0.836	0	0	0	0	0	0	0	0	0	0	0.304	0	0	0	0	0
57796	0	0	0	0	0	0	0	0	0	0	0	0	0	0	0	0	0	0	0	0	0	0	0	0	0	0	0	0	0	0	0	0	0	0	0	0	0	0	0	0	0	0	0	0	0	0	0	0	0	0	0	0	0	0	0	0	0	0	0	0	0	0	0	0	0	0	0	0	0	0	0	0	0	0	0	0	0	0	0	0	0	0	0	0	0	0	0	0	0	0	0	0	0	0	0	0	0	0	0	0	0	0	0	0	0	0	0	0	0	0	0	0	0	0	0	0	0	0	0	0	0	0	0	0	0	0	0	0	0	0	0	0
57891	0	0	0	0	0	0	0	0	0	0	0	0	0	0	0	0	0	0	0	0	0	0	0	0	0	0	0	0	0	0	0	0	0	0	0	0	0	0	0	0	0	0	0	0	0	0	0	0	0	0	0	0	0	0	0	0	0	0	0	0	0	0	0	0	0	0	0	0	0	0	0	0	0	0	0	0	0	0	0	0	0	0	0	0	0	0	0	0	0	0	0	0	0	0	0	0	0	0	0	0	0	0	0	0	0	0	0	0	0	0	0	0	0	0	0	0	0	0	0	0	0	0	0	0	0	0	0	0	0	0	0	0
57904	0	0	0	0	0	0	0	0	0	0	0	0	0	0	0	0	0	0	0	0	0	0	0	0	0	0	0	0	0	0	0	0	0	0	0	0	0	0	0	0	0	0	0	0	0	0	0	0	0	0	0	0	0	0	0	1.292	3.04	0	0	0	0	0	0	0	0	0	0	0	0	0	0	0	0	0	0	0	0	0	0	0	0	0	0	0	0	0	0	0	0	0	0	0	0	0	0	0	0	0	0	0	0	0	0	0	0	0	0	0	0	0	0	0	57	0	0	0	0	0	0	0	0	0	0	0	1.444	0	0.608	0	0	0	0	0
58029	0	0	0	0	0	0	0	0	0	0	0	0	0	0	0	0	0	0	0	0	0	0	0	0	0	0.152	0	0	0	0	0	0	0	0	0	0	0.152	0	0	0	0.152	0	0.228	0	0	0	0.304	0	0	0	0	0	0	0	0	0	0	0	0	0	0	0	0	0	0	0	0	0	0	0	0	0	0	0	0	0	0	0	0	0	0	0	0	0	0	0	0	0	0.152	0	0	0	0	0	0	0	0	0	0	0	0	0	0	0	0.228	0	0	0	0	0	0	0	0	0.304	0	0	0	0	0	0	0	0	0	0	0	0	0	0	0	0	0	0
58160	0	0	0	0	0	0	0	0	0	0	0	0	0	0	0	0	0	0	0	0	0	0	0	0	0	0	0	0	0	0	0	0	0	0	0	0	0	0	0	0	0	0	0	0	0	0	0	0	0	0	0	0	0	0	0	0	0	0	0	0	0	0	0	0	0	0	0	0	0	0	0	0	0	0	0	0	0	0	0	0	0	0	0	0	0	0	0	0	0	0	0	0	0	0	0	0	0	0	0	0	0	0	0	0	0	0	0	0	0	0	0	0	0	0	0	0	0	0	0	0	0	0	0	0	0	0	0	0	0	0	0	0
58274	0	0	0	0	0	2.584	0	0	0	0	0	0	0	0	0	0	0	0	0	0	0	0	0	0	0	0	0	0	0	0	0	0	0	0	0	0	0	0	0	0	0	0.988	0	0	0	0	0	0.228	0	0	0	0.304	1.292	0	0	0	0	0	0	0	0.304	0.38	0.228	0	0	0	0	0	0	0	0	0	0	0	0	0	0.152	0	5.852	0.152	0	0	0	0	0	0	0	0	0	0	0	0	0	0	0	0	0	0	0	0	0	0	0	0	0	0	0	0	0	0	0	0	0.76	0	0	0	0.304	0	0	0.152	0	0	0	0	0	0	3.192	0	0	0	0	0
58307	0	0.304	0	0.456	0.152	0	0	10.944	0	115.748	0	0	0	42.94	144.096	0	0	0	0	0	0.228	0.304	4.94	0	0	0.152	0	0.532	1.444	0	0	0.152	0.228	0.152	0	0	0.152	0.304	0	242.4	0	2.66	0.684	0	0	0	2.812	0	0	0	0	0	0	0	0	1.216	23.788	0	0	0	6.992	4.712	2.204	0	0	0	0	0	0	0	0	2.888	6.004	0	0	0	0	0	0.304	0	0	1.292	0	0	0	0.684	0	0	4.332	0.456	0	1.824	0	0	0.38	0	0	0	0	0.38	5.244	0	0	0.152	12.312	0	0	0	0	1.748	0.456	0	0	3.268	0	8.664	0	0	0	0	0	0	3.344	0.532	0.228	0	17.328	1.216	0	0	0	0
58337	0	0	0	0	0	0	0	0	0	0	0	0	0	0	0	0	0	0.304	0	0	0	0	0	0	0	0	0	0	0	0	0	0	0	0	0	0	0	0	0	0	0	0	0	0	0	0	0	0	0	0	0	0	0	0	0	0	0	0	0	0	0.608	0.152	0	0	0.304	0	0	0	0	0	0	0	0	0	0	0	0	0	0.456	0	0	0	0	0	0	0	0	0	0	0	0	0	0	0	0	0	0	0.76	0	0	0	0	0	0.152	0	0	0	0	0	0	0	0	0	0	0	0	0	0	0	0	0	0	0	0	0	0	0	0	0	0	0	0
58365	0	0	0	0.532	0	0	0	0	0	0	0	0	0	0	0	0	0	0	0	0	0	0	0	0	0	0	0	0	0	0	0	0	0.228	0	0	0	0	0	0	0	0.228	0	0	0	0	0.304	0	0	0	0	0	0	0	0	0	0	0	0	0	0	0	0	0	0	0	0	0	0	0	0	0	0	0	0	0	0	0	0	0	0	0	2.508	0	0.228	0	0.304	0	0	0.228	4.56	0	16.036	0	0	0	0	0	0	0	0	0	0	0	0	43.396	0	0	0	0	0	1.064	0	0	0	0	4.788	0	0	0	0	0	0	0	0	0	0	1.748	0	0	0	0	0
68938	0	0	0	0	0	0	0	0.456	2.356	1.444	7.904	7.676	0	0	0	0	0	0	0	0	0	0	0.228	0	0	0	0	0	57.076	0	0	0	0	0	0	0	0	0	0	0	0	4.256	0	0	0	0	0	0	0.456	0	0	2.812	7.296	14.82	0	0	0	1.444	0	0	0	0	0	0	0	0	0	0	3.192	7.296	1.216	0	0	0	0	0	0.456	0	0	1.52	0	0	0	0	0	0	0	0	0	0	0	0	0	0	0	0	0	0	0	0	0	0	0	0	0	0	14.06	8.132	0	0	0	0	4.332	0	0	0	0	0	0	0	0	0	1.596	0	0	0	0	0	0	0	0	0
68940	0	0	0	0	0	0	0	0	0	0	0	0	0	0	0	0	0	0	0	0	0	0	0	0	0	0	0	0	0	0	0	0	0	0	0	0	0	0	0	0	0	0	0	0	0	0	0	0	0	0	0	0	0	0	0	0	0	0	0	0	0	0	0	0	0	0	0	0	0	0	0	0	0	0	0	0	0	0	0	0	0	0	0	0	0	0	0	0	0	0	0	0	0	0	0	0	0	0	0	0	0	0	0	0	0	0	0	0	0	0	0	0	0	0	0	0	0	0	0	0	0	0	0	0	0	0	0	0	0	0	0	0
68942	0	0	0	0	0	0	0	0	0	0	0	0	0	0	0	0	0	0	0	0	0	0	0	0	0	0	0	0	0	0	0	0	0	0	0	0	0	0	0	0	0	0	0	0	0	0	0	0	0	0	0	0	0	0	0	0	0	0	0	0	0	0	0	0	0	0	0	0	0	0	0	0	0	0	0	0	0	0	0	0	0	0	0	0	0	0	0	0	0	0	0	0	0	0	0	0	0	0	0	0	0	0	0	0	0	0	0	0	0	0	0	0	0	0	0	0	0	0	0	0	0	0	0	0	0	0	0	0	0	0	0	0
68945	0	0	0	0	0	0	0	0	0	0	0	0	0	0	0	0	0	0	0	0	0	0	0	0	0	0	0	0	0	0	0	0	0	0	0	0	0	0	0	0	0	0	0	0	0	0	0	0	0	0	0	0	0	0	0	0	0	0	0	0	0	0	0	0	0	0	0	0	0	0	0	0	0	0	0	0	0	0	0	0	0	0	0	0	0	0	0	0	0	0	0	0	0	0	0	0	0	0	0	0	0	0	0	0	0	0	0	0	0	0	0	0	0	0	0	0	0	0	0	0	0	0	0	0	0	0	0	0	0	0	0	0
68947	0	0	0	0	0	0	0	0	0	0	0	0	0	0	0	0	0	0	0	0	0	0	0	0	0	0	0	0	0	0	0	0	0	0	0	0	0	0	0	0	0	0	0	0	0	0	0	0	0	0	0	0	0	0	0	0	0	0	0	0	0	0	0	0	0	0	0	0	0	0	0	0	0	0	0	0	0	0	0	0	0	0	0	0	0	0	0	0	0	0	0	0	0	0	0	0	0	0	0	0	0	0	0	0	0	0	0	0	0	0	0	0	0	0	0	0	0	0	0	0	0	0	0	0	0	0	0	0	0	0	0	0
68949	0	0	0	0	0	0	0	0	0	0	0	0	0	0	0	0	0	0	0	0	0	0	0	0	0	0	0	0	0	0	0	0	0	0	0	0	0	0	0	0	0	0	0	0	0	0	0	0	0	0	0	0	0	0	0	0	0	0	0	0	0	0	0	0	0	0	0	0	0	0	0	0	0	0	0	0	0	0	0	0	0	0	0	0	0	0	0	0	0	0	0	0	0	0	0	0	0	0	0	0	0	0	0	0	0	0	0	0	0	0	0	0	0	0	0	0	0	0	0	0	0	0	0	0	0	0	0	0	0	0	0	0
68951	0	0	0	0	0	0	0	0	0	0	0	0	0	0	0	0	0	0	0	0	0	0	0	0	0	0	0	0	0	0	0	0	0	0	0	0	0	0	0	0	0	0	0	0	0	0	0	0	0	0	0	0	0	0	0	0	0	0	0	0	0	0	0	0	0	0	0	0	0	0	0	0	0	0	0	0	0	0	0	0	0	0	0	0	0	0	0	0	0	0	0	0	0	0	0	0	0	0	0	0	0	0	0	0	0	0	0	0	0	0	0	0	0	0	0	0	0	0	0	0	0	0	0	0	0	0	0	0	0	0	0	0
68953	0	0	0	0	0	0.532	0.152	0	0	0	0	0	0	7.904	0	0	0.76	0.152	1.672	0	0	4.028	0.456	0	0	0.608	0	0	0.38	4.636	0	0	0	0	0	0	0	0	0	0	0.836	0	0	0	0	0	0	0	0	0	0	2.508	4.712	0	0	0	0	0	0	0	0	0	0	0	0	0	0	0	0	0	3.952	4.94	0	0	0.228	0	0	0	0	0	0	0	0	52.744	0	0	0	0	0	0	0	0	0	0	0	0	0	23.408	0	0	0	0	0	0.304	0	0	0	0	0	0	0	0	0.988	0	0	0	0	0	0	0	0	0	0	0	1.9	0	5.32	0	0	0	0	0
68955	0	0	0	0	0	0	0	0	0	0	0	0	0	0.456	0	0	0	0	0	0	0	0.608	0	0	0	0	0	0	0.152	0	0	0	0	0	0	0	0	0	0	0	0	0.836	0	0	0	0	0	0	6.308	0	0	1.292	2.888	10.412	0	0	0	0	0	0	0	0	0	0	0	0	0	0	2.052	0	9.5	0	0.304	0.228	1.976	0	0	0	0	0	0	0.228	0	0.836	0	0	0	0	0	0	0	0	0	0	0	0	0	0	0	0	0	0	0	0	0	0	0	0	0	0	0	0	8.74	0	0	0	0	0	0	0	0	0	15.048	0	0	0	6.46	1.976	0	0	0	0
68957	0	0	0	0	0	0.532	0	0	0	0	0	0	0	0	0	0	0	0	0	0	0	0.456	2.204	0	0	0	0	0	0.532	0	0	0	0	0	0	0	0	0	0	0	0	5.776	0	0	0	0	0	0	1.748	0	0	3.8	4.94	0.608	0	0	0.304	7.296	0	0	0	0	0	0	0.76	0	0	0	7.828	0	3.8	0	0	0.608	1.064	0	0	0	0	0	0	0	0	0	0	0	0	0	0	0	0	0	0	0	0	0	0	0	0	0	0	0	0	0	0	0	0	0	0	0	0	0	10.108	0	0	0	0	0	0	0	0	0	7.98	0	0	0	0.988	0	0	0	0	0
68959	0	0	0	0	0	0	0	0	0	0	0	0	0	0.988	0	0	0	0	0	0	0	0.228	0	0	0	0	0	0	0	0	0	0	0	0	0	0	0	0	0	0	0	0	0	0	0	0	0	0	0	0	0	0	0.304	1.064	0	0	0	0	0	0	0	0	0	0	0	0	0	0	0.228	0	0.38	3.648	2.052	0	0	0	0	0	0	0	0	0	0	14.516	0	0	0	0	0	0	0	0	0	0	0	0	0	0	0	0	0	0	0	0	0	0	0	0	0	0	0	0	0.988	0	0	0	0	0	0	0	0	0	0	0	0	0	0.988	0	0	0	0	0
68961	0	0	0	0	0	0	0	0	0	0	0	0	0	1.14	0	0	0	0	0.228	0	0	0.836	0	0	0	0	0	0	0	0.532	0	0	0	0	0	0	0	0	0	0	0	0	0	0	0	0	0	0	0	0	0	0.456	2.052	30.172	0	0	0	0.152	0	0	0	0	0	0	0	0	0	0	0	0	0.836	6.232	0	0	0.152	0	0	0	0	0	0	0	0	37.012	0	0	0	0	0	0	0	0	0	0	0	0	0	0	0	0	0	0	0	0	0	0	0	0	0	0	0	0	0	0	0	0	0	0	0	0	0	0	0.228	0	0	0	2.128	0.304	0	0	0	0
68963	0	0	0	0	0	4.636	0	0	0	0	0	0	0	0.152	0.532	0	0	0	0	0	0	1.672	0.608	0	0	0.988	0	0	3.116	0	0	0	0	0	0	0	0	0	0	0	0.228	3.876	0	0	0	0	0	0	1.748	0	0	1.14	4.56	14.82	0	0	0	12.844	0	0	0	0	0	0	0	0	0	0	10.488	0	6.916	0	0	0	0.38	2.052	0.532	0	0.38	0	0	0	0	0	0	0	0	0	0	0	0	0	4.332	0	0	0	0	0	0	0	0	0	0	0.228	0	0	0	0	0	0	0	0	1.824	0	0	0	0	0	0	0	0	0	7.98	0	0	0	0.456	0	0	0	0	0
68965	0	0	0	0	0	0	0.304	0	0	0	0	0	0	8.208	0	0	0.152	0	0.684	0	0	0.304	0	0	0	0	0	0	2.204	4.712	0	0	0	0	0	0	0	0	0	0	0	0	0	0	0	0	0	0	0.304	0	0	0	0	2.128	0	0	0	0	0	0	0.304	0.912	0.38	0	0	0	0	0	0	0	0	0	0	35.036	0	0	0	0.228	0.228	0	0	0	0	2.28	0	0	0	0	0	0	0	0	0	0	0	0	0	8.132	0	0	0	0	0	0	0	0	0	0.228	0	0	0	0	2.584	0	0	0	0.228	0	0	0	0	0	0	0	0	0	0	0.988	0	0	0	0
68967	0	0	0	0	0	1.748	0	60.344	0	28.12	0.456	0	0	0.152	0	0	0.608	2.432	0	0	0	6.992	0.304	0	0	0	0	0	0	0	0	0	0	0	0	0	0	0	0	30.78	2.28	0.38	0	0	2.204	0	0	0	0	0	0	0	0	0	0	0	0	0	0	0	0.38	0	0	0	0	0	0	0	2.964	0	0	0	0	0	0	0	0	0	0	0	0	0	0	0	0	0	0	0	0	0	0	0	0	0	0	0	0	0	0	0.912	0	0	0	0.304	0	0	0	0	0	0	0	0	0	0	0	0	0	0	0	0	5.928	0	0.76	0	0	0	0	0	0	0	0	0
68969	0	0	0	0	0	0.988	0	0	0	0	0	0	0	0	0	0	0	0.608	0	0	0	0	0	0	0	0	0	0	0	0	0	0	0	0	0	0	0	0	0	0	0	0	0	0	55.328	0	0	0	0	0	0	0	0	0	0	0	0	0	0	0	0	0	0	0	0	0	0	0	0	0	0	0	0	0	0	0.836	0	0	0	0	0	0	0	0	0	0	0	0	0	0	0	0	0	0	0	0	0	0	0	0	0	0	35.568	0	0	0	0	0	0	0	0	0	0	0	0	0	0	0	0	0	0	0	0	0	0	0	0	0	0	0	0	0
68981	0	0	0	0	0	0	0	0.152	0	0	0	0	0	0	0	0	0	0	0	0	0	0	0	0	0	0	0	0	0	0	0	0	0	0	0	0	0	0	0	0	0	0	0	0	0	0	0	12.312	0	0	0	0	0	0	0	0	0	0	0	3.268	0	0	0	0	0	0	0	0	0	0	0	0	0	0	0	0	0	0	0	0	0	0	0	0	0	0	0	0	0	0	0	0	0	0	0	0	0	0	0	0	0	0	0	0	0	0	0	0	0	0	0	0	0	0	0	0	0	0	0	0	0	0	0	0	0	0	0	0	0	0	0	0
68984	0	0	0	0	0	0	0	0	0	0	0	0	0	0	0	0	0	0	0	0	0	0	0	0	0	0	0	0	0	0	0	0	0	0	0	0	0	0	0	0	0	0	0	0	0	0	0	0	0	0	0	0	0	0	0	0	0	0	0	103.968	0	0	0	0	0	0	0	0	0	0	0	0	0	0	0	0	0	0	0	0	0	0	0	0	0	0	0	0	0	0	0	0	0	0	0	0	0	0	0	0	0	0	0	0	0	0	0	0	0	0	0	0	0	0	0	0	0	0	0	0	0	0	0	0	0	0	0	0	0	0	0	0
68987	0	0	0	0	0	0	0	0	0	0	0	0	0	0	0	0	0	0	0	0	0	0	0	0	0	0	0	0	0	0	0	0	0	0	0	0	0	0	0	0	0	0	0	0	0	0	0	0	0	0	0	0	0	0	0	0	0	0	0	15.352	0	0	0	0	0	0	0	0	0	0	0	0	0	0	0	0	0	0	0	0	0	0	0	0	0	0	0	0	0	0	0	0	0	0	0	0	0	0	0	0	0	0	0	0	0	0	0	0	0	0	0	0	0	0	0	0	0	0	0	0	0	0	0	0	0	0	0	0	0	0	0	0
68989	0	0	0	0	0	0	0	0	0	0	0	0	0	0.684	0	0	1.748	0.38	0	0	0	0	0	0	0	0	0	0	0	0	0	0	0	0	0	0	0	0	0	0.988	0	0	0	0	0	0	0	0	0	0	0	0	0	0	0	0	0	0	0	0	0	0.304	0	0	0	0	0	0	0	0	0	0	0	0	0	0	0	0	0.152	0	0	0	0	0	0	0	0	0	0	0	0	0	0	0	0	0	0	0	0	32.604	0	0	26.22	14.136	0	0	0	0	0	0	0	0	0	0	0	0	0	0	0	0	0	0	0	0	0	0	0	0	0	0	0	0
68991	0	0	0	0	0	0	0	0.152	5.168	0	9.956	0	0	0	0	0	0	0	0	0	0	0	0	0	0	0	0	0	4.408	0	0	0	0	0	0	0	0	0	0	0	0	0	0	0	0	0	0	0	1.064	0.304	0	0	0	0	0	0	0	0	0	0	0	0	0	0	0	0	0	0	0	0	0	0	0	0	0	0	0.38	0	0	1.064	0	48.792	0	0	0	0	0	0	0	0	0	0	13.68	0	0	0	0	0	0	0	0	0	0	0	0	0	0	0	0	0	0	0	0	0	0	0	0	0	0	0	0	7.6	2.128	0	0	0	0	0	0	0	0	0
68994	0	0	0	0	0	0	0	1.292	11.172	2.052	4.104	0.608	0	0	0	0	0	0	0	0	0	0	0	0	0	0	0	0	31.92	0	0	0	0	0	0	0	0	0	0	0	0	0	0	0	0	0	0	0	0.456	0	0	0	0	0	0	0	0	0	0	0	0	0	0	0	0	0	0	0	0	0	0	0	0	0	0	0	1.064	0	0	0.684	0	0	0	0	0	0	0	0	0	0	0	0	0	0	0	0	0	0	0	0	0	0	0	0	0	0	0.912	3.344	0	0	0	0	0	0	0	0	0	0	0	0	0	0	1.672	0	0	0	0	0	0	0	0	0
68997	0	0	0	0	0	0	0	26.448	0	5.624	24.776	9.5	0	0	0	0	0	0	0	0	0	0	0	0	0	0	0	0	40.432	0	0	0	0	0	0	0	0	0	0	0	0	0	0	0	0	0	0	0	2.508	0	0	0	6.46	5.016	0	0	0	0	0	0	0	0	0	0	0	0	0	0	0	0	21.052	0	0	0	0	0	6.004	0	0	7.828	0	0	0	0	0	0	0	0	0	0	0	0	82.84	0	0	0	0	0	0	0	0	0	0	6.384	0	0	3.648	29.64	0	0	0	0	3.496	0	0	4.864	0	0	0	0	0	1.2	6.384	0	0	0	0	0	0	0	0	0
68999	0	6.612	0	0.228	0	0	0	0.38	0	0	0	0	0	1.064	0	0	0	0	0	0	51.604	1.748	0	0	0	2.736	0	0.608	0	0.152	0	13.452	1.9	7.524	0	0	0	0	0	0	30.172	0.76	6.764	0	0	0.684	1.672	0	0	0	0	0	0	0	0	0	0	0	0	0	3.572	0	0	0	1.444	0	0	0	0	0	0.152	2.052	0.152	0	0	0	0	0	0.456	0	0	0	0	0	0	0.38	0	0	1.368	0.152	0	0.304	0	0	0.228	0	0	0	0	0	0.228	0	0	0	1.14	0	0	0	0	0	0	0	0	4.636	0.456	0.152	0	0	0	0	0	0	0	0	0	0	0	0	0	0	0	0
69001	0	0	0	0	0	0	0	0	0	0	0	0	0	0	0	0	0	0	0	0	0	0	0	0	0	0	0	0	0	0	0	0	0	0	0	0	0	0	0	0	0	0	0	0	0	0	0	0	0	0	0	0	0	0	0	0	0	0	0	0	0	0	0	0	0	0	0	0	0	0	0	0	0	0	0	0	0	0	0	0	0	0	0	0	0	0	0	0	0	0	0	0	0	0	0	0	0	0	0	0	0	0	0	0	0	0	0	0	0	0	0	0	0	0	0	0	0	0	0	0	0	0	0	0	0	0	0	0	0	0	0	0
69003	0	0	0	40.356	0	0	0	0	0	0	0	0	0	0	0	0	0	0	0	0	0.988	0.152	0	0	0	0	0	0	0	0	0	0	4.028	0	0	0	0	0	0	0	11.248	0	0	0	0	0	0	0	0	0	0	0	0	0	0	0.988	1.52	0	0	0	0	0	0	0	0	0	0	0	0	0	0	0	1.368	0	0	0	0	0	0	0	0	12.008	0	0.152	0	0.608	0	0	0.608	1.976	0	3.344	0	0	0	0	0	0	0	0	0	0	0	0	7.22	0	0	0	0	0	3.268	0	0	5.928	0	21.432	0	0	0	0	0	0	0	0	0	0	4.484	0	0	0	0	0
69005	0	0	0	0	0	0	0	0	0	0	0	0	0	0	0	0	0	0	0	0	0	0	0	0	0	0	0	0	0	0	0	0	0	0	0	0	0	0	0	0	0	0	0	0	0	0	0	0	0	0	0	0	0	0	0	0	0	0	0	0	0	0	0	0	0	0	0	0	0	0	0	0	0	0	0	0	0	0	0	0	0	0	0	0	0	0	0	0	0	0	0	0	0	0	0	0	0	0	0	0	0	0	0	0	0	0	0	0	0	0	0	0	0	0	0	0	0	0	0	0	0	0	0	0	0	0	0	0	0	0	0	0
69008	0	0	0	0	0	0	0	0	0	0	0	0	0	0	0	0	0	0	0	0	0	0	0	0	0	0	0	0	0	0	0	0	0	0	0	0	0	0	0	0	0	0	0	0	0	0	0	0	0	0	0	0	0	0	0	0	0	0	0	0	0	0	0	0	0	0	0	0	0	0	0	0	0	0	0	0	0	0	0	0	0	0	0	0	0	0	0	0	0	0	0	0	0	0	0	0	0	0	0	0	0	0	0	0	0	0	0	0	0	0	0	0	0	0	0	0	0	0	0	0	0	0	0	0	0	0	0	0	0	0	0	0
69010	0	0	0	0	0	0	0	0	0	0	0	0	0	0	0	0	0	0	0	0	0	0	0	0	0	0	0	0	0	0	0	0	0	0	0	0	0	0	0	0	0	0	0	0	0	0	0	0	0	0	0	0	0	0	0	0	0	0	0	0	0	0	0	0	0	0	0	0	0	0	0	0	0	0	0	0	0	0	0	0	0	0	0	0	0	0	0	0	0	0	0	0	0	0	0	0	0	0	0	0	0	0	0	0	0	0	0	0	0	0	0	0	0	0	0	0	0	0	0	0	0	0	0	0	0	0	0	0	0	0	0	0
69012	0	0	0	0	0	0	0	0.684	0	0	0	0	0	0.38	0	0	9.804	1.368	0	0	0	0	0	0	0	0	0	0	0	0	0	0	0	0	0	0	0	0	0	10.032	0	0.608	0	0	0	0	0	0	0	0	0	0	0	0	0	0	0	0.608	0	0	0	0.228	0	0	0	0	0	0	0	0	0	0	0	0	0	0	0	0	0	0	0	0	0	0	0	0	0	0	0	0	0	0	0	0	0	0	0	0	0	0	0	0	0	10.336	0	0	0	0	0	0	0	0	0	0	0	0	0	0	0	0	0	0	0	0	0	0	0	0	0	0	0	0
69015	0	0	0	0	0	0	0	0	0	0	0	0	0	9.652	0	0	0	0	0	0	0	0	0	0	0	0	0	0	0	0	0	0	0	0	0	1.216	0	0	0	0	0	0	0	0	0	0	0	0	0	0	0	0	0	0	0	0	0	0	0	0	0	0	0	0	0	0	0	0	0	0	0	0	0	0	0	0	0	0	0	0	0	0	0	0	0	0	0	0	0	0	0	0	0	0	0	0	0	0.304	0	0.304	0	0	0	0	0.76	0	0	0	0	0	0	0	0	0	0	0	0	0	0	0	0	0	0	0	0	0	0	0	0	0	0	0
69017	0	0	0	1.216	0	0	0	3.268	0	0	0	0	0	15.276	0	0	0	9.88	0.836	7.752	0	0	0.152	4.636	0	0	0	0	0	0	0	0	0.456	0	0	0	0	0	0	0	0	0.152	0	0	0	0	0.608	0	0	0	0	0	0	0	0	0.152	0.152	0	0	0	3.268	1.216	0.608	0	1.596	0	0	0	0	0	0	0	0	0	0	0	0	0	0.152	0	0	0	0	0	0	0	0	0	0	0.608	0	3.8	0	0	0.912	0	0	0	0	5.548	2.052	0	0	54.492	8.588	0	0	0	0	0	0	0	0	1.444	0	2.28	0	0	0	0	0	0	0	0	0	0	0.76	0	0	0	0	0
69019	0	0	0	0	0	0	0	0	0	0.988	20.064	0	0	0	0	0	0	0	0	0	0	0	0	0	0	0	0	0	0	0	0	0	0	0	0	0	0	0	0	0.836	0	0	0	0	0	0	0	0	0	0	0	0	0	0	0	0	0	0	0	0	0	0	0	0	0	0	0	0	0	0	0	0	0	0	0	0	0	0	0	0	0	0	0	0	0	0	0	0	0	0	0	0	0.152	0	0	0	0	0	0	0	0	0	0	0	0	0	0	0	0	0	0	0	0	0	0	0	0	0	0	0	0	0	0	0	0	0	0	0	0	0	0	0
69021	0	0	0	0.38	0	0	0	1.672	0	0	1.444	0	0	18.696	0	0	0.912	0.532	0	0	0	1	1.216	0	0	7.676	0	0	0	0	0	0	0	0	0	0	0	0	0	1.824	1.52	3.8	0	0	0	0	0	0	0	0	0	0	0	2.204	0	0	0	0	0	0	1.596	0.608	0.152	0	0.152	0	0	0	0.152	0	0	0	0	0	0	0	0	0	0	0	0	0	0	0	0	0	0	0	0	0	0	2.128	0	0	2.28	0	0	0.836	0	7.448	3.268	0	0	1	9.652	0	0	0	0	0	0	0	0	0	0	0	0	0	0	0	0	0	0	0	0	0	0	0	0	0	0	0
69025	0	0	0	0	0	0	0	0	0	0	0	0	0	0	0	0	0	0	0	0	0	0	0	0	0	0	0	0	0	0	0	0	0	0	0	0	0	0	0	0	0	0	0	0	0	0	0	0	0	0	0	0	0	0	0	0	0	0	0	0	0	0	0	0	0	0	0	0	0	0	0	0	0	0	0	0	0	0	0	0	0	0	0	0	0	0	0	0	0	0	0	0	0	0	0	0	0	0	0	0	0	0	0	0	0	0	0	0	0	0	0	0	0	0	0	0	0	0	0	0	0	0	0	0	0	0	0	0	0	0	0	0
69031	0	0	0	0	0	0	0	0	0	0	0	0	0	0	0	0	0	0	0	0	0	0	0	0	0	0	0	0	0	0	0	0	0	0	0	0	0	0	0	0	0	0	0	0	0	0	0	0	0	0	0	0	0	0	0	0	0	0	0	0	0	0	0	0	0	0	0	0	0	0	0	0	0	0	0	0	0	0	0	0	0	0	0	0	0	0	0	0	0	0	0	0	0	0	0	0	0	0	0	0	0	0	0	0	0	0	0	0	0	0	0	0	0	0	0	0	0	0	0	0	0	0	0	0	0	0	0	0	0	0	0	0
69060	0	0	0	0	0	0	0	2.052	0	0	0	0	0	0	4.028	5.852	0	0	0	0	0	1.216	0	0	0	0	0	0	18.316	0	0	0	0	0	0	0	0	0	0	0	0	1.216	0	0	0	0	0	13.604	0.38	0	0	3.192	2.964	0	0	0	0	3.116	0	0	0	0	0	0	0	0	0	0	8.056	0	1.976	0	0	0	0	0	0.228	23.256	0	0	0	0	0	0	0	0	0	0	0	0	0	0	0	0	0	0	0	0	0	0	0	0	0	0	0	0	0	0	0	0	0	0	1.064	0	0	0	0	0	0	0	0	0.304	0.304	0	0	0	0	0	0	0	0	0
69062	0	0.228	0	0	0	0	0	0	0	0	0	0	0	0.76	0	0	0	0	0	0	16.34	0.532	0	0	0	0.684	0	2.204	0.836	0	0	0	0	0	0	0	0	0	0	0	1.444	0.152	0.988	0	0	1.748	5.396	0	0	0	0	0	0	0	0	0	0	0	0	0	0	1.444	0	0	0	0	0	0	0	0	0	0	0	0	0	0	0	0	0	0	0	0	0	0	0	0	0	0	0.38	0.228	0	0	0	0	0.456	0	0	0	0	0	0.532	0	0	0.152	0.608	0	0	0	0	0	0	0	0	1.292	0	0	0	0	0	0	0	0	0	0	0	0	0	0	0	0	0	0
69065	0	0	0	0.152	0	0	0	0	0	0	0	0	0	0	0	0	0	0	0	0	0	8.36	0	0	0	0	0	0	1.596	0	0	0	0	0	0	0	0	0	0	0.152	6.612	0	0	0	0	1.9	0.304	0	0	0	0	0	0	0	0	0.228	0	0	0	0	0	0	0	0	0	0	0	0	0	0	0	0	0.228	0	0	0	0	0	0	0	0	0	0	0.304	0	0	0	0	0	0.228	0	0	0	0	0	0	0	0	0	0	0.152	0	0	0	0	0	0	0	0	0	0	0	0	8.284	0	0.228	0	0	0	0	0	0	0	0	0	0	4.484	0.228	0	0	0	0
69067	0	0	0	0.152	0	0	0	0	0	0	0	0	0	0.152	0	0	0	0	0	0	7.752	34.276	0	0	0	5.168	0	0.228	3.952	0	0	0	0	0	0	0	0	0	0	0.228	31.16	0	0.228	0	0	0	0.456	0	0	0	0	0	0	0	0	0	4.864	0	0	0	0	0	0	0	0	0	0	0	0	0	0	0	0	0	0	0	0	0	0	0	0	0	0	5.016	0	0	0	0	0	0	0	0	0	0	0.456	0	0	0	0	0	0.456	0	0	0	0	0	0	0	0	0	1.292	0	0	0	0	0	0	0	0	0	0	0	2.28	0	0	0	7.22	0.304	0	0	0	0
69069	0	0	0	0	0	0	0	0	0	0	0	0	0	0	0	0	0	0	0	0	0	0	0	0	0	0	0	0	0	0	0	0	0	0	0	0	0	0	0	0	0	0	0	0	0	0	0	0	0	0	0	0	0	0	0	0	0	0	0	0	0	0	0	0	0	0	0	0	0	0	0	0	0	0	0	0	0	0	0	0	0	0	0	0	0	0	0	0	0	0	0	0	0	0	0	0	0	0	0	0	0	0	0	0	0	0	0	0	0	0	0	0	0	0	0	0	0	0	0	0	0	0	0	0	0	0	0	0	0	0	0	0
69071	0	0	0	0.304	0	0	0	0	0	0	0	0	0	0	0	0	0	0	0	0	0.456	1.292	0	0	0	0.304	0	0	0	0	0	0	0	0	0	0	0	0	0	0	2.128	0	0	0	0	0	0	0	0	0	0	0	0	0	0	0	0	0	0	0	0	0	0	0	0	0	0	0	0	0	0	0.608	0	0	0	0	0	0	0	0	0	4.56	0	0.912	0	0	0	0	0	0	0	3.42	0	0	0	0	0	0	0	0	0	0	0	0	8.36	0	0	0	0	0	1.824	0	0	0	0	10.716	0	0	0	0	0	0	0	0	0	0	6.308	0	0	0	0	0
69073	0	0	0	0.608	0	0	0	0	0	0	0	0	0	0	0	0	0	0	0	0	0.532	1.292	0	0	0	0.304	0	0	0	0	0	0	0	0	0	0	0	0	0	0	10.032	0	0	0	0	0.304	0.228	0	0	0	0	0	0	0	0	0	0	0	0	0	0	0	0	0	0	0	0	0	0	0	0	0	0	0	0	0	0	0	0	0	0	0.532	0	0	0	0	0	0	0	0	0	0.152	0	0	0	0	0	0	0	0	0	0	0	0	6.384	0	0	0	0	0	0.152	0	0	0	0	0.304	0	0	0	0	0	0	0	0	0	0	0.228	0	0	0	0	0
69075	0	0	0	0	0	0	0	0	0	0	0	0	0	0	0	0	0	0	0	0	0	0	0	0	0	0	0	0	0	0	0	0	0	0	0	0	0	0	0	0	0	0	0	0	0	0	0	0	0	0	0	0	0	0	0	0	0	0	0	0	0	0	0	0	0	0	0	0	0	0	0	0	0	0	0	0	0	0	0	0	0	0	0	0	0	0	0	0	0	0	0	0	0	0	0	0	0	0	0	0	0	0	0	0	0	0	0	0	0	0	0	0	0	0	0	0	0	0	0	0	0	0	0	0	0	0	0	0	0	0	0	0
69077	0	0	0	0	0	0	0	0	0	0	0	0	0	0	0	0	0	0	0	0	0	0	0	0	0	0	0	0	0	0	0	0	0	0	0	0	0	0	0	0	0	0	0	0	0	0	0	0	0	0	0	0	0	0	0	0	0	0	0	0	0	0	0	0	0	0	0	0	0	0	0	0	0	0	0	0	0	0	0	0	0	0	0	0	0	0	0	0	0	0	0	15.808	0	0	0	0	0	0	0	0	0	0	0	0	0.456	0	0	0	0	0	0	0	0	0	0	0	0	0	0	0	0	0	0	0	0	0	0	0	0	0	0	0
69079	0	0	0	0.228	0	0	0	0	0	0	0	0	0	0	0	0	0	0	0	0	0.836	6.384	0	0	0	1.368	0	0	0.38	0	0	0	0	0	0	0	0	0	0	0	2.128	0	0	0	0	16.34	0.532	0	0	0	0	0	0	0	0	0.38	0	0	0	0	0	0	0	0	0	0	0	0	0	0	0	0	0	0	0	0	0	0	0	0	0	0	0	0	0	0	0	0	0	0	0	0	0	0	0	0	0	0	0	0	0.152	0	0	0	0	0	0	0	0	0	0	0	0	0	0	0	0	0	0	0	0	0	0	0	0	0	0	0	0	0	0	0
69081	0	0	0	0.152	0	0	0	0	0	0	0	0	0	0	0	0	0	0	0	0	0.608	0	0	0	0	0	0	0	0	0	0	0	2.128	0	0	0	0	0	0	0	0	0	0.228	0	0	5.852	0.988	0	0	0	0	0	0	0	0	0	0	0	0	0	0	0	0	0	0	0	0	0	0	0	0	0	0	0	0	0	0	0	0	0	20.292	0	0	0	0	0	0	0	0.532	0.988	0	2.508	0	0	0	0	0	0	0	0	0	0	0	0	3.192	0	0	0	0	0	0	0	0	8.056	0.228	0	0	0	0	0	0	0	0	0	0	0	0	0	0	0	0	0
69083	0	0.228	0	0	0	0	0	0.988	0	0	0	0	0	2.28	0.152	0	0	0	0	0	24.548	0.38	0.76	0	0	3.8	0	6.916	8.968	0	0	0.152	0.152	0.152	0	0	0	0	0	0.228	11.172	0.76	1.748	0	0	3.268	14.516	0	0	0	0	0	0	0	0	0.228	0.836	0	0	0	1.368	0.608	2.28	0	0.608	0	0	0	0	0	0	0	0	0	0	0	0	0	1.368	0	0	0	0	0	0	0.152	0	0	0.304	0.988	0	0.38	0	0	1.9	0	0	0	0	0.304	2.204	0	0	0.38	2.432	0	0	0	0	0	0	0	0	1.064	1.444	0	0	0	0	0	0	0	0	0	0	0	0.152	0	0	0	0	0
69085	0	0	0	0.608	0	0	0	0	0	0	0	0	0	0.152	0	0	0	0	0	0	0	14.516	0	0	0	0.228	0	0	3.952	0	0	0	0	0	0	0	0	0	0	0.152	10.184	0	0	0	0	2.508	1.064	0	0	0	0	0	0	0	0	0	0	0	0	0	0	0	0	0	0	0	0	0	0	0	0	0	0	0	0	0	0	0	0	0	37.468	7.372	0	0	0	0	0	0	0.152	0.836	0	0.228	0	0	0.152	0	0	0	0	0	0.152	0	0	0	0	0	0	0	0	0	2.128	0	0	60.496	0.38	0.912	0	0	0	0	0	0	0	0	0	0	0.304	0	0	0	0	0
69087	0	0	0	0	0	0	0	10.184	0	0.456	53.276	0	0	1.748	0	0	0	0	0	0	0	8.74	12.312	0	0	0	0	0	8.588	0	0	0	0	0	0	0	0	0	0	150.82	4.484	7.296	0	56.772	0	0	0	0	0	0	0	0	0	0	0	0	0	0	0	0	20.976	18.088	0	0	14.136	0	0	0	0	0	0	0	0	0	0	0	0	0	0.38	0	0	2.052	0	0	0	0	0	0	0	0	0	0	0	0	0	0	0	0	0	0	0.608	0	0	0.228	0	0	0	0	0	0	1.976	0	0	0	0	0	0	0	0	0	0	0	0	0	0	0	0.152	0.228	0	0	0	0
69089	38.228	0	26.828	0	12.54	0	12.388	1.672	0	0	0	0.456	0	5.852	0.228	0	0	0	0	0.912	36.404	13.452	0.228	0.152	0	5.016	0	3.116	45.98	1.064	1.748	0	0	0	0	0	0.304	0	0	0.152	1.52	4.028	1.444	0	0	0	8.588	0	0	0	0	0	0	2.052	0	1.748	0.76	0	0	0	33.896	14.972	9.88	0	7.372	0	0	0	3.8	0	0.152	0	0	0	0	0	0	0	2.356	0	0	0	0	0	0	0	0	0	0.228	0	0	0	0	0	0.38	0	0	0	0	0.152	1.14	0	0	0.304	0	0	0	0	0	0	0	0	0	0	0	0	0	0	0	0	0	0	5.7	0	0	0	0	0	0	0	0	0
69091	0	0	0	0	0	0	0	0	0	0	0	0	0	0	0	0	0	0	0	0	0	0	0	0	0	0	0	0	0	0	0	0	0	0	0	0	0	0	0	0	0	0	0	0	0	0	0	0	0	0	0	0	0	0	0	0	0	0	0	0	0	0	0	0	0	0	0	0	0	0	0	0	0	0	0	0	0	0	0	0	0	0	0	0	0	0	0	0	0	0	0	0	0	0	0	0	0	0	0	0	0	0	0	0	0	0	0	0	0	0	0	0	0	0	0	0	0	0	0	0	0	0	0	0	0	0	0	0	0	0	0	0
69093	1.368	0	0	0	1.444	0	0.152	0	0	0	0	0	0	1.064	0	0	0	0	0	1.596	2.812	0	0	0	0	0	0	0	0.456	0.38	0.684	0	0	0	0	0	0	0	0	0	0	0	0	0	0	0	0	0	0	0	0	0	0	2.66	0	0	0	0	0	0	4.636	0.988	0.38	0	0	0	0	0	0	0	0	0	0	0	0	0	0	0	0.456	0	0	0	0	0.38	0	0	0	0	0	0	0	0	0	0	0	0	0	0	0	0	0	0	0	0	0	0	0	0	0	0	0	0	23.256	0	0	0	0.304	0	0	0	0	0	0	0	0.684	0	0.152	6.916	0	0	0	0
69095	0	0	0	0	0	0	0	0	0	0	0	0	0	99.788	0	0	0	0	248.444	0	0	77.672	0	0	0	0	0	0	4.636	3.116	0	0	0	0	0	10.336	0	0	0	0	0	0	0	0	0	0	0	0	0	0	0	52.136	13.984	0.912	0	0	0	0	0	0	0.228	0.304	0.608	0	0	0	0	0	0	0	0	0.608	23.636	4.56	0.38	0	0	0	0	0	0	0	0	83.676	0	0	0	0	0	1.672	0	0	0	0	0	0	0	1.9	0	19.532	0	0	0	0.912	2.964	0	0	0	0	0	0	0	25.308	0.836	0	0	0	0	0	0	0	0	0	0	0.228	0	0	7.828	0	0	0	0
69097	0.152	0	0.532	0	0.228	0	0.152	0	0	0	0	0	0	9.12	0	0	0	0	0.38	0.456	0	0.456	0	0	0	0	0	0	2.812	1.368	0	0	0	0	0	0	0	0	0	0	0	0	0	0	0	0	0	0	0	0	0	0	0	2.432	0	0	0.228	0	0	0	12.616	3.344	2.356	0	0	0	0	0	0.152	0	0	8.512	0.228	0	0	0	0	0.228	0.38	0	0	0	0	1.824	0	0	0	0	0	0	0	0	0	0	0	0	0	0	0	0.228	0	0	0	0	0	0	0	0	0	0	0	0	40.736	0.152	0	0	0	0	0	0	0	0	0	0	0.304	0	0	3.648	0	0	0	0
69099	0	0	0.532	0	0.152	0	0	0	0	0	0	0	0	0	0	0	0	0	0	0	0	0	0	0	0	0	0	0	0	0	0	0	0	0	0	0	0	0	0	0	0	0	0	0	0	0	0	0	0	0	0	35.948	15.352	0	0	0	0	0	0	0	0.38	0.152	0.152	0	0	0	0	0	0	0	0	0	0	0	0	0	0	0	0	0	0	0	0	0	0	0	0	0	0	0	0	0	0	0	0	0	0	0	0	0	0	0	0	0	0	0	0	0	0	0	0	0	0	0	0	0	0	0	0	0	0	0	0	0	0	0	0	0	0	0	0	0
69101	0	0	0	0	0	0	0	9.424	0	59.888	177.648	0	0	0	0	0	0	0	0	0	0	0	0	0	0	0	0	0	256	0	0	0	0	0	0	0	0	0	0	0	0	0	0	0	0	0	0	0	0	0	0	0	0	0	0	0	0	0	0	0	0	0	0	0	0	0	0	0	0	0	0	0	0	0	0	0	0	0	0	0	0	0	0	0	0	0	0	0	0	0	0	0	0	0	0	0	0	0	0	0	0	0	0	0	0	0	0	0	0	0	0	0	0	0	0	0	0	0	0	16.644	0	0	0	0	0	0	0	0	0	0	0	0
69103	4.56	0	3.952	0	2.356	0	1.9	0	0	0	0	0	0	0.304	0	0	0	0	0	0.152	1.976	0	0.152	0	0	0	0	0	0.304	0.152	0.532	0	0	0	0	0	0	0	0	0	0	0.304	0.152	0	0	0	0	0	0	0	0	0	0	0.152	0	0.532	7.296	0	0	0	0.836	0.684	0	0	1.14	0	0	0	0.152	0	0	0	0	0	0	0	0	0	0	0	0	0	0	0	0	0	0	0	0	0	0	0	0	0	0	0	0	0	0	0	0	0	0	0	0	0	0	0	0	0	0	0	0	0	0	0	0	0	0	0	0	0	0	0	0	0	0	0	0	0	0	0
69105	0	0	0	0	0	0	0	0	0	0	0	0	0	0	0	0	0	0	0	0	0	0.304	3.04	0	0	0	0	0	0.228	0	0	0	0	0	0	0	0	0	0	0	0	3.8	0	0	0	0	0	0	6.84	0	0	2.964	8.664	15.96	0	0	0.38	9.956	0	0	0	0	0	0	0	0	0	0	18.62	0	32.68	0.152	2.812	0	0	1.672	0	0	0	0	0	0	0	7.752	0	0	0	0	0	0	0	0	1.596	0	0	0	0	0	0	0	0	0	0	0	0	0	0	0	0	0	0	0	11.324	0	0	0	0	0	0	0	0	0	41.876	0	0	0	6.916	0	0	0	0	0
69107	0	0	0	0	0	38.38	0	11.248	0.152	7.22	15.428	0	0	0.988	0	0.304	1.292	16.796	0	0	0	0	0	0	0	0	0	0	0	0	0	0	0	0	0	0	0	0	0	0.76	0	0	0	0	0.152	0	0	0	0	0.532	0	0	0	0	0	0	0	0	0	0	0	0	0	0	0	0	0	0	0	0	0	0	0	0	0	0	45.448	0	0.228	0.836	0	0	0	0	0	0	0	0	0	0	0	0	3.192	0	0	0	0	0.988	0	0.456	0	0	0	29.868	0.456	0	0.152	0.988	0	0	0	0	0	0	0	0	0	0	0	0	0	1.824	0	0	0	0	0	0	0	0	0	0
69109	38.228	0	39.368	0	33.288	0	10.64	0.76	0	0	0	0	0	3.324	0	0	0	0	0	4.484	11.704	5.396	3.192	0	0	2.204	0	1.216	16.264	2.356	0.38	0.228	0	0	0	0	0	0	0	0.456	0	1.52	1.444	0	0	0	3.116	0	0	0	0	0	0	14.82	0	0	14.516	0	0	0	35.416	6.916	1.444	0	1.976	0	0	0	0	0	11.552	0	0	0	0	0	0	0.152	0	0	0	0	0	0	0	0	0	0	0	0	0	0	0	0	0.836	0	0	0	0	0	2.584	0	0	0.304	0	0	0	0.152	0	0	0	0	0	0	0	0	0.38	0	0	0	0	0	0	0	0	0	0	0	0	0	0	0
69111	0	0	0	0	0	0	0	0	0	0	0	0	0	0	0	0	0	0	0	0	0	0	0	0	0	0	0	0	0	0	0	0	0	0	0	0	0	0	0	0	0	0	0	0	0	0	0	0	0	0	0	0	0	0	0	0	0	0	0	0	0	0	0	0	0	0	0	0	0	0	0	0	0	0	0	0	0	0	0	0	0	0	0	0	0	0	0	0	0	0	0	0	0	0	0	0	0	0	0	0	0	0	0	0	0	0	0	0	0	0	0	0	0	0	0	0	0	0	0	0	0	0	0	0	0	0	0	0	0	0	0	0
69113	38.152	0	25.384	0	17.86	0	0	0	0	0	0	0	0	0	0	0	0	0	0	0	0	0	0	0	0	0	0	0	5.624	0	0	0	0	0	0	0	0	0	0	0	0	0	0	0	0	0	0	0	0	0	0	0	0	0	0	0	0	0	0	0	0	0	0	0	0	0	0	0	0	0	0	0	0	0	0	0	0	0	0	0	0	0	0	0	0	0	0	0	0	0	0	0	0	0	0	0	0	0	0	0	0	0	0	0	0	0	0	0	0	0	0	0	0	0	0	0	0	0	0	0	0	0	0	0	0	0	0	0	0	0	0	0
69115	0	0	0	0	0	0	0	0	0	0	0	0	0	0	0	0	0	0	0	0	0	0	0	0	0	0	0	0	0	0	0	0	0	0	0	0	0	0	0	0	0	0	0	0	0	0	0	0	0	0	0	0	0	0	0	0	0	0	0	0	0	0	0	0	0	0	0	0	0	0	0	0	0	0	0	0	0	0	0	0	0	0	0	0	0	0	0	0	0	0	0	0	0	0	0	0	0	0	0	0	0	0	0	0	0	0	0	0	0	0	0	0	0	0	0	0	0	0	0	0	0	0	0	0	0	0	0	0	0	0	0	0
69117	0	0	0	0	0	0	0	0	0	52.896	0	0	0	0	0	0	0	0	0	0	0	0	0	0	0	0	0	0	0	0	0	0	0	0	0	0	0	0	0	0	0	0	0	0	0	0	0	3.8	0	0	0	0	0	0	0	0	0	0	0	0	0	0	0	0	0	0	0	0	0	0	0	0	0	0	0	0	0	0	0	0	0	0	0	0	0	0	0	0	0	0	0	0	0	0	0	0	0	0	0	0	0	0	0	0	0	0	0	0	0	0	0	0	0	0	0	0	0	0	0	0	0.836	0	0	0	0	0	0	0	0	0	0	0
69119	0	0	0	0	0	0	0	29.26	0	3.42	0	0	0	0	0	0	0	0	0	0	0	0	0	0	0	0	0	0	0	0	0	0	0	0	0	0	0	0	0	0	0	0	0	0	0	0	0	0	0	0	0	0	0	0	0	0	0	0	0	0	0	0	0	0	0	0	0	0	0	0	0	0	0	0	0	0	0	0	0	0	0	0	0	0	0	0	0	0	0	0	0	0	0	0	0	0	0	0	0	0	0	0	0	0	0	0	0	0	0	0	0	0	0	0	0	0	0	0	0	0	7.068	0	0	0	0	0	0	0	0	0	0	0
69121	0	0	0	0	0	0	0	0	0	0	0	0	0	0	0	0	0	0	0	0	0	0	0	0	0	0	0	0	0	0	0	0	0	0	0	0	0	0	0	0	0	0	0	0	0	0	0	0	0	0	0	0	0	0	0	0	0	0	0	0	0	0	0	0	0	0	0	0	0	0	0	0	0	0	0	0	0	0	0	0	0	0	0	0	0	0	0	0	0	0	0	0	0	0	0	0	0	0	0	0	0	0	0	0	0	0	0	0	0	0	0	0	0	0	0	0	0	0	0	0	0	0	0	0	0	0	0	0	0	0	0	0
69123	0	0	0	0	0	0	0	0	0	0	0	0	0	0	0	0	0	0	0	0	0	0	0	0	0	0	0	0	0	0	0	0	0	0	0	0	0	0	0	0	0	0	0	0	0	0	0	0	0	0	0	0	0	0	0	0	0	0	0	0	0	0	0	0	0	0	0	0	0	0	0	0	0	0	0	0	0	0	0	0	0	0	0	0	0	0	0	0	0	0	0	0	0	0	0	0	0	0	0	0	0	0	0	0	0	0	0	0	0	0	0	0	0	0	0	0	0	0	0	0	0	0	0	0	0	0	0	0	0	0	0	0
69125	0	0	0	0	0	0	0	0	0	0	0	0	0	0	0	0	0	0	0	0	0	0	0	0	0	0	0	0	0	0	0	0	0	0	0	0	0	0	0	0	0	0	0	0	0	0	0	0	0	0	0	0	0	0	0	0	0	0	0	0	0	0	0	0	0	0	0	0	0	0	0	0	0	0	0	0	0	0	0	0	0	0	0	0	0	0	0	0	0	0	0	0	0	0	0	0	0	0	0	0	0	0	0	0	0	0	0	0	0	0	0	0	0	0	0	0	0	0	0	0	0	0	0	0	0	0	0	0	0	0	0	0
69127	0	0	0	0	0	0	0	0	0	0	0	0	0	0	7.98	0	0	0	0	0	0	0	0	0	0	0	0	0	6.308	0	0	0	0	0	0	0	0	0	0	0	0	0.532	0	0	0	0	0	0	0	0	0	0	3.116	0	0	0	0	0	0	0	0	0	0	0	0	0	0	0	0	0	0	0	0	0	0	0	0	69.312	0	0	0	0	0	0	0	0	0	0	0	0	0	0	0	0	0	0	0	0	0	0	0	0	0	0	0	0	0	0	0	0	0	0	0.684	0	0	0	0	0	0	0	0	0	0	0	0	0	0	0	0	0	0	0
69130	0	0	0	0	0	0	0	0.988	0	0	0.152	56.088	0	0	0	2.432	0	0	0	0	0	0	0	0	0	0	0	0	0	0	0	0	0	0	0	0	0	0	0	0	0	0	0	0	0	0	0	0	0	0	0	0	0	0	0	0	0	0	0	0	0	0	0	0	0	0	0	0	0	0.152	0	0	0	0	0	0	3.192	4.256	0.152	0	0	0	0	0	0	0	0	0	0	0	0	0	0	0	0	0	0	0	0	0	0	0	0	0	0	0.456	0	0.152	0	0	0	0	0	0	0	0	0	0	0	0	0	0	0	0	0	0	0	0	0	0	0	0
69132	0	0	0	0	0	0	0	6.384	0	0	0	1.368	0	0	0	0.38	0	0	0	0	0	0	0	0	0	0	0	0	0	0	0	0	0	0	0	0	0	0	0	0	0	0	0	0	0	0	0	0	0	0	0	0	0	0	0	0	0	0	0	0	0	0	0	0	0	0	0	0	0	0	0	0	0	0	0	0	0	84.056	0.532	0	0	0	0	0	0	0	0	0	0	0	0	0	0	0	0	0	0	0	0	0	0	0	0	0	0	19.912	0	67.412	0	0	0	0	0	0	0	0	0.152	0	0	0	0	0	0	0	0	0	0	0	0	0	0	0
69134	0	0	0	0	0	1.976	0	6.308	0	0	0	0	0	0	0	0	0.228	2.432	0	0	0	0	0	0	0	0	0	0	0	0	0	0	0	0	0	0	0	0	0	14.744	0	0	0	0	5.624	0	0	0	0	0	0	0	0	0	0	0	0	0	0	0	0	0	0	0	0	0	0	0	0	0	0	0	0	0	0	0	0	0	2.052	0	0	0	0	0	0	0	0	0	0	0	0	0	0	0	0	0	0	0	0	0	0	0	0.152	0.228	0	0	0	0	0	0	0	0	0	0	0	0	0	0	0	0	0	0	0	0	0	0	0	0	0	0	0	0
69136	0	0	0	0	0	0	0	0	0	0	0	0	0	0	0	0	0	0	0	0	0	0	0	0	0	0	0	0	0	0	0	0	0	0	0	0	0	0	0	0	0	0	0	0	0	0	0	0	0	0	0	0	0	0	0	0	0	0	0	0	0	0	0	0	0	0	0	0	0	0	0	0	0	0	0	0	0	0	0	0	0	0	0	0	0	0	0	0	0	0	0	0	0	0	0	0	0	0	0	0	0	0	0	0	0	0	0	0	0	0	0	0	0	0	0	0	0	0	0	0	0	0	0	0	0	0	0	0	0	0	0	0
69138	0	0.304	0.38	21.736	0	0	0	0	0	0	0	0	0	0	0	0	0	0	0	0	22.344	7.676	0	0	0	2.28	0	0.152	0	0	0	0.684	7.372	0.456	0	0	0	0	0	0	93.556	0	0.304	0	0	2.888	0.304	0	0	0	0	0	0	0	0	1.976	6.612	0	0	0	0	0	0	0	0	0	0	0	0	0	0	2.28	0.76	0	0	0	0	0	0	0	0	8.132	0	0.912	0	1.672	0	0	0	4.028	0	0	0	0	0.38	0	0	0	0	0	0	0	0	0	0	0	0	0	0	2.128	5.7	0	0	1.52	0	6.308	0	0	0	0	0	0	0.228	0	0.228	0	16.112	1.14	0	0	0	0
69140	0	0	0	0	0	0	0	0	0	0	0	0	0	0	0	0	0	0	0	0	0	1.368	0	0	0	0.304	0	0	0	0	0	0	0	0	0	0	0	0	0	0	3.724	0	0	0	0	2.736	0	0	0	0	0	0	0	0	0	0	0	0	0	0	0	0	0	0	0	0	0	0	0	0	0	0	0	0	0	0	0	0	0	0	0	0	0	0	0	0	0	0	0	0	0	0	0	0	0	0	0	0	0	0	0	0	0	0	0	0	0	0	0	0	0	0	0	0	0	0	0	0	0	0	0	0	0	0	0	0	0	0	0	0	0	0
69142	0	0	0	0.836	0	0	0	0	0	0	0	0	0	0	0	0	0	0	0	0	0	0	0	0	0	0	0	0	0	0	0	0	0.38	0	0	0	0	0	0	0	0	0	0	0	0	0	0	0	0	0	0	0	0	0	0	0	0	0	0	0	0	0	0	0	0	0	0	0	0	0	0	0	0	0	0	0	0	0	0	0	0	0	0	0	0	0	0	0	0	0.228	0	0	0	0	0	0	0	0	0	0	0	0	0	0	0	0	0	0	0	0	0	0	0	0	0	0.38	0	0	0	0	0	0	0	0	0	0	0	0	0	0	0	0
69144	0	0	0	0	0.152	0	0	0	0	0	0	0	0	0	0	0	0	0	0	0	0	0	0	0	0	0	0	0	0	0	0	0	0	0	0	0	0	0	0	0	0	0	0	0	0	0	0	0	0	0	0	0	0	0	0	0	0	0	0	0	0	0	0	0	0	0	0	0	0	0	0	0	0	0	0	0	0	0	0	0	0	0	0	0	0	0	0	0	0	0	0	0	0	0	0	0	0	0	0	0	0	0	0	0	0	0	0	0	0	0	0	0	12.844	0	0	0	0	0	0	0	0	0	0	0	0.152	0	0	0.228	0	0	0	0
69629	0	0	0	0	0	0	0	0	0	0	0	0	0	0	0	0	0	0	0	0	0	0	0	0	0	0	0	0	0	0	0	0	0	0	0	0	0	0	0	0	0	0	0	0	0	0	0	0	0	0	0	0	0	0	0	0	0	0	0	0	0	0	0	0	0	0	0	0	0	0	0	0	0	0	0	0	0	0	0	0	0	0	0	0	0	0	0	0	0	0	0	0	0	0	0	0	0	0	0	0	0	0	0	0	0	0	0	0	0	0	0	0	0	0	0	0	0	0	0	0	0	0	0	0	0	0	0	0	0	0	0	0
72788	0	0	0	0	0	0	0	0	0	0	0	0	0	0	0	0	0	0	0	0	0	0	0	0	0	0	0	0	0	0	0	0	0	0	0	0	0	0	0	0	0	0	0	0	0	0	0	0	0	0	0	0	0	0	0	0	0	0	0	0	0	0	0	0	0	0	0	0	0	0	0	0	0	0	0	0	0	0	0	0	0	0	0	0	0	0	0	0	0	0	0	0	0	0	0	0	0	0	0	0	0	0	0	0	0	0	0	0	0	0	0	0	0	0	0	0	0	0	0	0	0	0	0	0	0	0	0	0	0	0	0	0
73577	0	0	0	0	0	0	0	0	0	0	0	0	0	0	0	0	0	0	0	0	0	0	0	0	0	0	0	0	0	0	0	0	0	0	0	0	0	0	0	0	0	0	0	0	0	0	0	0	0	0	0	0	0	0	0	0	0	0	0	0	0	0	0	0	0	0	0	0	0	0	0	0	0	0	0	0	0	0	0	0	0	0	0	0	0	0	0	0	0	0	0	0	0	0	0	0	0	0	0	0	0	0	0	0	0	0	0	0	0	0	0	0	0	0	0	0	0	0	0	0	0	0	0	0	0	0	0	0	0	0	0	0
