0	55733	55761	55838	55866	55894	55924	55966	56134	56197	56305	56342	56451	56458	56508	56535	56540	56581	56588	56603	56699	56738	56802	56812	56910	57008	57061	57104	57171	57227	57334	57422	57562	57642	57693	57796	57891	57904	58029	58160	58274	58307	58337	58365	69152	69154	69156	69158	69160	69162	69165	69167	69169	69171	69173	69175	69177	69180	69182	69184	69186	69188	69190	69192	69194	69196	69199	69201	69203	69205	69207	69209	69211	69213	69215	69217	69219	69221	69223	69225	69227	69229	69232	69234	69236	69238	69241	69243	69246	69248	69250	69252	69254	69256	69258	69260	69262	69264	69266	69268	69270	69272	69274	69276	69278	69280	69283	69285	69287	69289	69291	69293	69295	69297	69299	69301	69303	69305	69307	69309	69311	69313	69315	69317	69319	69321	69323	69325	69327	69629	72788	73575	73577	
55733	0	0	0	0	0	0	0	0	0	0	0	0	0	0	0	0	0	0	0	0	0	0	0	0	0	0	0	0	0	0	0	0	0	0	0	0	0	0	0	0	0	606	0	0	0	0	0	0	16.5799	0	0	969.6	0	0	0	0	0	0	0	0	0	0	0	0	0	0	0	0	0	0	0	0	0	58.6673	0	0	0	0	0	0	0	0	0	0	0	0	0	0	0	0	0	0	0	0	0	0	0	0	0	0	0	0	0	0	0	0	0	0	0	0	0	0	12.7537	0	0	0	0	0	0	0	0	0	0	0	0	0	0	0	0	0	0	0	
55761	0	0	0	10.203	0	0	0	0	0	0	0	0	0	31.8845	0	0	0	0	0	0	951.431	0	0	0	0	0	0	348.178	0	0	0	2.55075	110.958	5.1015	0	0	0	0	0	0	5.1015	0	410.672	0	0	22.9568	487.192	0	0	0	0	0	0	0	308.642	0	0	0	0	0	0	0	0	0	0	0	0	0	0	0	0	22.9568	131.364	0	0	0	0	0	0	0	0	12.7537	0	336.699	0	54.841	0	0	149.219	3.82613	0	31.8845	0	0	70.1455	0	0	0	0	3.82613	123.711	0	0	16.5799	181.103	0	0	0	0	0	2.55075	0	2.55075	758.848	113.508	142.842	0	0	0	0	0	0	0	0	2.55075	0	146.668	0	0	0	0	0	
55838	3.82613	0	0	0	0	0	3.82613	0	0	0	0	0	0	1652.89	0	0	0	31.8845	3.82613	0	0	2.55075	0	0	0	0	0	0	3678.47	542.819	0	0	0	0	0	2.55075	0	0	0	0	0	3.82613	0	0	0	0	3.82613	0	0	0	0	0	0	11.4784	0	0	0	0	0	0	0	0	0	0	0	0	0	0	0	0	0	0	0	0	0	0	0	0	0	0	0	0	0	0	0	0	0	0	0	0	0	0	0	0	0	0	0	12.7537	0	3.82613	0	0	0	0	0	0	0	0	0	0	0	0	48.4643	0	0	0	0	0	0	0	0	0	0	0	2.55075	0	0	0	0	0	0	0	
55866	0	0	0	0	0	0	0	0	0	0	0	0	0	0	0	0	0	0	0	0	0	29.3335	0	0	0	0	0	0	6.37687	0	0	0	2.55075	0	0	0	0	0	0	5.1015	0	0	0	0	0	8.92763	0	0	0	0	0	0	0	0	0	0	0	0	0	0	0	0	0	0	0	0	0	0	0	0	0	0	0	0	0	0	0	0	0	0	0	6.37687	0	11.4784	0	30.609	0	0	130.088	2.55075	0	47.189	0	0	0	0	0	0	0	0	0	0	0	0	434.903	0	0	0	0	0	0	0	0	0	0	57.392	0	0	0	0	0	0	0	0	0	0	14.0291	2.55075	0	0	0	0	
55894	29.3335	0	159.422	0	0	0	1730.23	0	0	0	0	0	0	0	0	0	0	0	0	228.292	0	0	5.1015	0	0	0	0	0	2.55075	6.37687	0	0	0	0	0	0	0	0	0	0	0	5.1015	0	0	0	0	0	0	0	0	0	0	0	2.55075	0	68.8703	946.327	0	0	0	0	0	0	0	0	0	0	0	2.55075	0	7.65225	0	0	0	2.55075	0	0	0	0	0	0	0	0	0	0	0	0	0	0	0	0	0	0	0	0	0	0	0	0	0	0	0	0	0	0	0	0	0	0	0	0	0	38.2612	0	0	0	0	0	0	0	0	0	56.1165	6.37687	0	0	28.0583	0	0	0	0	0	
55924	0	0	0	0	0	0	0	0	0	3.82613	0	0	0	12.7537	0	0	25.5075	66.3195	5.1015	0	0	0	0	36.986	0	0	0	0	0	0	0	0	0	0	0	0	0	0	0	0	0	0	0	0	0	0	0	16.5799	0	0	0	0	0	0	0	0	0	0	0	0	0	0	0	0	0	0	0	0	0	0	0	0	0	0	0	752.47	178.553	0	11.4784	14.0291	0	0	0	0	0	0	0	0	0	0	0	0	0	0	0	0	0	16.5799	0	0	0	0	0	11.4784	0	0	0	0	0	0	0	0	0	0	0	0	0	0	0	0	0	0	0	0	0	0	0	0	0	0	0	0	
55966	0	0	0	0	2.55075	0	0	0	0	0	0	0	0	14.0291	0	0	5.1015	11.4784	61.218	448.932	0	88.001	0	0	0	0	0	0	2.55075	5.1015	2.55075	0	0	0	0	0	0	0	0	0	0	0	0	0	0	0	0	0	80.3485	0	0	80.3485	21.6815	7.65225	0	2.55075	10.203	0	0	0	0	0	0	0	0	0	0	0	2.55075	0	0	0	0	0	58.6673	0	0	0	0	0	0	0	0	0	0	0	0	0	0	0	0	0	0	0	0	0	0	1063.66	0	2.55075	0	0	0	6.37687	0	0	0	0	0	0	0	0	1325.11	0	0	0	0	0	0	0	0	0	26.783	2.55075	10.203	0	15.3045	0	0	0	0	0	
56134	631.25	0	0	0	0	0	0	0	0	0	0	2.55075	0	11.4784	73.9717	0	0	0	0	0	0	155.596	0	0	0	123.711	0	0	411.971	1073.12	0	0	0	0	0	0	0	0	0	0	22.9568	66.3195	0	0	0	0	0	0	0	0	0	0	392.779	0	0	0	0	0	0	0	0	0	0	0	0	0	0	0	0	0	0	0	0	0	0	0	2.55075	7.65225	19.1306	0	0	0	0	0	0	0	0	0	0	0	0	0	0	0	0	0	0	0	0	6.37687	0	0	0	12.7537	0	0	0	0	0	0	0	0	8.92763	0	0	0	24.232	0	0	0	0	0	0	0	0	0	0	0	0	0	0	0	
56197	0	0	0	0	0	0	0	2.55075	0	0	0	3.82613	0	0	0	2.55075	0	0	0	0	0	0	0	0	0	0	0	0	24.232	0	0	0	0	0	0	0	0	0	0	0	0	0	0	0	0	0	0	0	0	0	0	0	0	0	0	0	0	0	0	0	0	0	0	0	0	0	0	0	0	2.55075	0	0	0	0	0	0	0	579.019	0	0	0	0	0	0	0	0	0	0	0	0	0	0	0	0	0	0	0	0	0	0	0	0	0	0	0	0	0	42.0875	0	0	0	0	0	0	0	0	186.205	0	0	0	0	0	0	0	0	0	0	0	0	0	0	0	
56305	0	0	0	0	0	5.1015	0	746.155	5.1015	0	0	0	0	2.55075	0	0	5.1015	20.406	0	0	0	0	0	0	0	0	0	0	0	0	0	0	0	0	0	0	0	0	0	0	0	0	0	0	72.6965	0	0	26.783	0	117.335	0	0	0	0	0	0	0	0	0	201.509	0	95.653	0	0	0	0	0	0	0	0	0	0	0	0	0	0	11.4784	5.1015	149.219	16.5799	0	0	0	0	0	0	0	0	0	0	0	0	0	0	0	0	0	0	0	0	0	0	0	0	0	0	0	0	0	0	0	0	0	0	0	0	35.7105	0	0	0	0	24.232	0	0	0	0	0	0	0	0	0	0	
56342	0	0	0	0	0	11.4784	0	0	0	0	0	0	0	0	0	0	0	0	0	0	0	0	0	0	0	0	0	0	0	0	0	0	0	0	0	0	0	0	0	0	0	0	0	0	0	0	0	45.9135	0	0	0	0	0	0	0	0	0	0	0	0	0	0	0	0	0	0	0	0	0	0	0	0	0	0	0	2.55075	353.279	2.55075	227.018	335.423	0	0	0	0	0	0	0	0	0	0	0	0	0	0	0	0	0	0	0	0	0	0	0	0	0	0	0	0	0	0	0	0	0	0	0	0	10.203	0	0	10.203	0	0	0	0	0	0	0	0	0	0	0	0	
56451	0	0	0	0	0	0	0	2.55075	0	0	0	0	0	0	104.581	3.82613	0	0	0	0	0	31.8845	2.55075	0	0	20.406	0	0	575.194	0	0	0	0	0	0	0	0	0	0	0	0	75.247	0	0	0	0	0	3.82613	11.4784	0	0	44.638	165.799	266.554	0	0	0	54.841	0	0	0	0	0	0	0	0	0	0	33.1597	1615.9	44.638	0	0	0	0	0	0	25.5075	0	0	0	0	0	0	0	0	0	0	0	0	0	0	0	0	0	0	0	0	0	0	0	0	0	0	0	0	0	3.82613	0	0	0	0	38.2612	0	0	0	0	0	0	0	0	0	0	0	0	0	5.1015	0	0	0	0	0	
56458	0	0	0	0	0	0	0	0	0	0	0	0	0	0	0	0	0	0	0	0	0	0	0	0	0	0	0	0	0	0	0	0	0	0	0	0	0	0	0	0	0	0	0	0	0	0	0	0	0	0	0	0	0	0	0	0	0	0	0	0	0	0	0	0	0	0	0	0	0	0	0	0	0	0	0	0	0	0	0	0	0	0	0	0	0	0	0	0	0	0	0	0	0	0	0	0	0	0	0	0	0	0	0	0	0	0	0	0	0	0	0	0	0	0	0	0	0	0	0	0	0	0	0	0	0	0	0	0	0	0	0	0	
56508	0	0	0	0	0	0	0	2.55075	0	1450.41	633.862	0	0	0	0	0	0	0	0	0	0	0	0	0	0	0	1212	0	0	0	0	0	0	0	0	5.1015	0	0	0	1683.3	0	517.625	0	892.763	0	0	0	0	0	0	0	0	0	0	0	0	0	0	0	0	0	0	0	0	0	0	0	0	0	0	0	0	0	0	0	8.92763	0	0	0	0	0	0	0	0	0	0	0	0	0	0	0	0	20.406	0	0	0	0	38.2612	0	0	0	0	0	66.3195	0	0	0	0	0	0	0	0	0	0	0	0	0	0	0	0	0	0	0	0	0	0	0	0	0	0	0	0	
56535	0	0	0	0	0	2.55075	0	5.1015	0	0	0	0	0	0	0	0	0	3.82613	0	0	0	0	0	0	0	0	0	0	0	0	0	0	0	0	0	0	0	0	0	0	0	3.82613	0	0	0	0	0	0	0	0	0	0	0	0	0	0	0	0	0	0	21.6815	7.65225	5.1015	0	12.7537	0	0	0	0	0	0	0	0	0	0	0	0	0	16.5799	0	0	0	0	0	0	0	0	0	0	0	0	0	0	0	0	0	0	5.1015	0	0	0	0	0	2.55075	0	0	0	0	0	0	0	0	0	0	0	0	0	0	0	0	0	0	0	0	0	0	0	0	0	0	0	0	
56540	0	0	0	0	0	0	0	0	0	0	0	2.55075	0	0	378.787	0	0	0	0	0	0	105.856	3.82613	0	0	0	0	0	537.536	0	0	0	0	0	0	0	0	0	0	0	0	62.4935	0	0	0	0	0	0	6.37687	0	0	67.595	163.248	103.305	0	0	0	15.3045	0	0	0	0	0	0	0	0	0	0	39.5365	0	15.3045	0	0	5.1015	0	0	5.1015	7.65225	0	0	0	0	0	0	0	0	0	0	0	0	0	0	0	0	0	0	0	0	0	0	0	0	0	0	0	0	0	2.55075	0	0	0	0	82.8995	0	0	0	0	0	0	0	0	0	0	0	0	0	0	0	0	0	0	0	
56581	0	0	0	0	0	0	0	0	0	0	0	0	0	404	0	0	0	0	0	0	0	0	0	0	0	0	0	0	0	0	0	0	0	0	0	0	0	0	0	0	0	0	0	0	0	0	0	0	0	0	0	0	0	0	0	0	0	0	0	0	0	0	0	0	0	0	0	0	0	0	0	0	0	0	0	0	0	0	0	0	0	0	0	0	0	0	0	0	0	0	0	0	0	0	0	0	0	0	0	0	0	0	0	34.435	0	0	0	0	0	0	0	0	0	0	0	0	0	0	0	0	0	0	0	0	0	0	0	0	0	0	0	0	
56588	0	0	0	0	0	0	0	36.986	0	117.335	364.756	0	0	5.1015	0	0	0	0	0	7.65225	0	0	3.82613	16.5799	0	0	0	0	0	0	0	0	0	0	0	0	0	0	0	77.798	0	0	0	4400.05	0	0	0	0	0	0	0	0	0	0	0	0	0	0	0	0	20.406	8.92763	6.37687	0	3.82613	0	0	0	0	0	0	0	0	0	0	2.55075	0	0	118.61	0	0	0	0	0	0	0	0	0	0	0	0	0	2.55075	0	0	0	0	36.986	0	0	0	0	0	40.812	0	0	0	0	0	0	0	0	0	0	0	0	0	0	0	0	0	0	0	0	0	0	0	0	0	0	0	0	
56603	0	0	0	0	0	0	14.0291	19.1306	0	0	0	0	0	2.55075	0	0	0	0	0	195.132	0	0	0	41.4615	0	0	0	0	3.82613	8.92763	0	0	0	0	0	0	0	0	0	0	0	5.1015	0	0	0	0	0	0	15.3045	0	0	0	0	10.203	0	44.638	7.65225	5.1015	0	0	31.8845	0	0	0	17.8553	0	0	0	31.8845	0	2.55075	0	0	0	8.92763	0	0	0	0	0	0	0	0	0	0	0	0	0	0	0	0	0	0	0	0	0	0	0	0	0	0	0	0	0	0	0	0	0	0	0	0	0	15.3045	0	0	0	0	0	0	0	0	0	1177.17	349.454	0	0	0	0	0	0	0	0	
56699	16.5799	0	147.467	0	2.55075	0	10.203	0	0	0	0	0	0	22.9568	0	0	0	0	0	0	0	0	0	0	0	0	0	0	45.9135	33.1597	0	0	0	0	0	0	0	0	0	0	0	0	0	0	0	0	0	0	0	0	0	0	0	0	0	6.37687	24.232	0	0	0	0	0	0	0	0	0	0	0	0	0	0	0	0	0	0	0	0	0	0	0	0	0	0	0	0	0	0	0	0	0	0	0	0	0	0	0	0	0	0	0	0	0	0	0	0	0	0	0	0	0	0	0	1335.32	0	0	0	0	0	0	0	0	0	0	0	39.5365	0	0	2.55075	0	0	0	0	
56738	0	0	0	2.55075	0	0	0	0	0	0	0	0	0	0	0	0	0	0	0	0	0	0	0	0	0	0	0	2.55075	0	0	0	0	0	0	0	0	0	0	0	0	3.82613	0	5.1015	0	0	0	5.1015	0	0	0	0	0	0	0	0	0	0	0	0	0	0	0	0	0	0	0	0	0	0	0	0	0	0	0	0	0	0	0	0	0	0	0	0	0	0	2.55075	0	0	0	31.8845	0	81.624	0	0	0	0	0	0	0	0	0	0	0	0	290.785	0	0	0	0	0	0	0	0	16.5799	0	17.8553	0	0	0	0	0	0	0	0	0	0	3.82613	0	0	0	0	0	
56802	0	0	0	0	0	0	2.55075	98.204	0	249.973	0	0	0	0	0	0	0	0	0	226.682	0	0	14.0291	141.567	0	6.37687	0	808	0	2.55075	547.136	43.3628	0	150.494	0	0	311.192	72.6965	0	694.438	8.92763	8.92763	0	2.55075	0	0	0	0	0	0	0	0	0	0	22.9568	70.1455	0	0	0	0	70.3515	42.0875	19.1306	0	36.986	0	0	0	0	0	0	631.44	770.125	0	6.37687	0	0	0	3.82613	0	0	344.35	0	0	0	0	0	0	0	0	0	58.6673	0	0	0	0	0	0	0	0	0	0	0	0	210.437	0	0	0	0	988.44	115.491	0	108.407	0	0	624.935	0	0	0	0	0	0	626.209	159.422	38.2612	0	743.802	36.986	0	0	0	0	
56812	0	0	0	0	0	6.37687	0	2.55075	0	0	0	0	0	0	0	0	0	0	0	0	0	0	0	0	0	0	0	0	0	0	0	0	0	0	0	0	0	0	0	0	0	8.92763	0	0	0	0	0	0	0	0	0	0	2.55075	0	0	0	0	0	0	0	8.92763	2.55075	0	0	0	0	0	0	0	0	0	0	0	0	0	0	0	0	12.7537	0	0	0	0	0	0	0	0	0	0	0	0	0	0	0	0	0	0	0	0	0	0	0	0	0	0	0	0	0	0	0	0	0	2.55075	0	0	0	0	0	0	0	0	0	0	0	0	0	0	0	0	0	0	0	
56910	0	0	0	0	0	0	0	0	0	0	0	0	0	0	0	0	0	0	0	0	0	0	0	0	0	2.55075	0	0	0	0	70.1455	0	0	0	0	0	2.55075	3.82613	0	0	5.1015	0	0	0	0	0	0	0	0	0	0	0	0	0	0	0	0	0	0	0	0	0	0	0	0	0	0	0	0	0	0	0	2.55075	0	0	0	0	0	0	0	0	0	0	0	0	0	0	0	0	0	0	0	0	0	0	0	0	0	0	0	0	0	0	0	6.37687	0	0	0	0	0	0	0	43.3628	7.65225	0	2.55075	0	0	0	0	0	0	0	0	0	0	21.6815	0	0	0	0	0	
57061	0	3.82613	0	8.92763	0	0	0	0	0	93.1025	0	0	0	0	0	0	0	0	0	0	12.7537	0	0	0	0	0	0	21.6815	0	0	0	0	5.1015	0	0	0	0	0	0	0	7.65225	0	5.1015	0	0	0	26.783	0	0	0	0	0	0	0	0	5.1015	8.92763	0	0	0	0	0	0	0	0	0	0	0	0	0	0	10.203	17.8553	0	0	0	0	0	0	0	0	11.4784	0	12.7537	0	10.203	0	0	2.55075	12.7537	0	85.45	0	0	3.82613	0	0	0	0	0	2.55075	0	0	0	251.249	0	0	0	0	0	2.55075	0	0	76.5225	0	82.8995	0	0	0	0	0	0	0	0	0	0	61.218	0	0	0	0	0	
57104	0	0	0	0	0	0	0	0	0	0	0	0	0	0	0	0	0	0	0	0	0	0	0	0	0	0	0	0	0	0	0	0	0	0	2651.25	0	0	0	0	0	0	0	0	0	0	0	0	0	0	0	0	0	0	0	0	0	0	0	0	0	0	0	0	0	0	0	0	0	0	0	0	0	0	0	0	0	0	0	0	0	0	0	0	0	0	0	0	0	0	0	0	0	0	0	0	0	0	0	0	0	0	0	0	0	0	0	0	0	0	0	0	0	0	0	0	0	0	0	0	0	0	0	0	0	0	0	0	0	0	0	0	0	
57171	0	0	0	0	0	0	0	0	0	0	0	0	0	0	0	0	0	0	0	0	0	0	0	0	0	0	0	0	0	0	0	0	0	0	0	0	0	0	0	17.8553	0	0	0	0	0	0	0	0	0	0	0	0	0	0	0	0	0	0	0	0	0	0	0	0	0	0	0	0	0	0	0	0	0	0	0	0	0	0	0	0	0	0	0	0	0	0	0	0	0	0	0	0	0	0	0	0	0	0	0	0	0	0	0	0	0	0	0	0	0	0	0	0	0	0	0	0	0	0	0	0	0	0	0	0	0	0	0	0	0	0	0	0	
57227	0	0	0	0	2.55075	0	0	0	0	0	0	0	0	5.1015	0	0	0	0	184.929	21.6815	0	0	0	4086.35	0	0	0	0	0	0	3581.35	6.37687	0	67.595	0	0	31.8845	318.845	0	0	0	0	0	0	0	0	0	0	0	0	0	137.741	340.525	0	0	0	0	0	0	0	0	0	0	0	0	0	0	0	0	0	0	70.1455	15.3045	0	38.2612	0	0	0	0	0	0	0	0	239.771	0	0	0	0	0	0	0	0	65.044	0	0	0	0	604.529	0	3.82613	0	0	0	0	0	0	0	0	0	73.9717	10.203	0	270.379	0	0	2.55075	0	0	0	0	0	0	0	0	10.203	0	70.1455	2.55075	0	0	0	0	
57334	0	0	0	0	0	0	3.82613	15.3045	0	0	0	0	0	2.55075	0	0	2.55075	14.0291	6.37687	127.537	0	12.7537	2.55075	3.82613	0	2.55075	0	0	0	0	0	0	0	0	0	0	0	0	0	0	5.1015	3.82613	0	0	0	0	0	0	25.5075	0	0	0	0	895.229	0	19.1306	8.92763	0	0	0	144.117	38.2612	5.1015	0	47.189	0	0	0	2.55075	0	3.82613	0	0	0	76.5225	0	0	0	0	0	0	0	0	0	0	0	0	0	0	0	0	0	0	0	0	0	0	883.835	0	0	0	0	0	21.6815	0	0	0	0	0	0	0	0	0	0	0	0	0	0	0	0	0	0	12.7537	0	0	0	0	0	0	0	0	0	
57422	304.814	0	0	0	19.1306	0	0	0	0	0	0	0	0	0	0	0	0	0	0	0	0	0	20.406	0	0	0	0	0	0	0	0	2.55075	0	0	0	0	2.55075	0	0	0	2.55075	0	0	0	0	0	8.92763	0	0	0	0	0	0	0	0	16.5799	45.9135	0	0	0	25.5075	17.8553	0	0	0	0	0	0	19.1306	0	19.1306	0	0	0	0	0	0	0	0	0	0	0	0	0	0	0	0	0	0	0	0	0	0	0	0	0	0	0	0	0	0	0	0	0	2.55075	0	0	0	0	0	0	0	52.2905	0	0	0	0	0	0	0	0	0	3.82613	0	600.701	0	26.783	3.82613	0	0	0	0	
57562	0	2.55075	0	0	8.92763	0	0	0	0	0	0	0	0	0	0	0	0	0	0	0	0	0	0	0	0	0	0	0	0	0	0	0	0	3.82613	0	0	2.55075	0	0	0	3.82613	0	2.55075	0	0	0	2.55075	0	0	0	0	0	0	0	0	2.55075	10.203	0	0	0	0	0	0	0	0	0	0	0	0	0	0	0	0	0	0	0	0	0	0	0	0	0	0	0	0	0	0	0	0	0	0	0	0	0	0	0	0	0	0	0	0	0	0	0	2.55075	0	0	0	0	0	0	0	25.5075	0	0	0	0	0	0	0	0	0	0	0	12.7537	0	334.147	0	0	0	0	0	
57642	0	0	0	0	0	0	0	0	0	0	0	0	0	0	0	0	0	0	0	0	0	79.0732	0	0	0	0	0	0	3.82613	0	0	0	0	0	0	0	0	0	0	0	0	0	0	0	0	3.82613	0	0	0	0	0	0	0	0	0	0	0	0	0	0	0	0	0	0	0	0	0	0	0	0	0	122.436	5.1015	0	0	0	0	0	0	0	0	1124.88	0	104.581	0	0	0	0	11.4784	2.55075	0	140.291	0	0	0	0	0	0	0	0	0	0	0	0	359.657	0	0	0	0	0	94.3778	0	0	2.55075	0	1571.26	0	0	0	0	0	0	0	0	5.1015	0	899.14	2.55075	0	0	0	0	
57693	0	5.1015	0	7.65225	0	0	0	0	0	0	0	0	0	0	0	0	0	0	0	0	76.5225	0	0	0	0	0	0	2.55075	0	0	0	0	3.82613	0	0	0	0	0	0	0	10.203	0	66.3195	0	0	2.55075	17.8553	0	0	0	0	0	0	0	85.45	0	0	0	0	0	0	0	0	0	0	0	0	0	0	0	0	10.203	2.55075	0	0	0	0	0	0	0	0	0	0	0	0	7.65225	0	0	47.189	3.82613	0	33.1597	0	0	2.55075	0	0	0	0	0	0	0	0	0	124.987	0	0	0	0	0	0	0	0	52.2905	26.783	14.0291	0	0	0	0	0	0	0	0	0	0	5.1015	0	0	0	0	0	
57796	0	0	0	0	0	0	0	0	0	0	0	0	0	0	0	0	0	0	0	0	0	0	0	0	0	0	0	0	0	0	0	0	0	0	0	0	0	0	0	0	0	0	0	0	0	0	0	0	0	0	0	0	0	0	0	0	0	0	0	0	0	0	0	0	0	0	0	0	0	0	0	0	0	0	0	0	0	0	0	0	0	0	0	0	0	0	0	0	0	0	0	0	0	0	0	0	0	0	0	0	0	0	0	0	0	0	0	0	0	0	0	0	0	0	0	0	0	0	0	0	0	0	0	0	0	0	0	0	0	0	0	0	
57891	0	0	0	0	0	0	0	0	0	0	0	0	0	0	0	0	0	0	0	0	0	0	0	0	0	0	0	0	0	0	0	0	0	0	0	0	0	0	0	0	0	0	0	0	0	0	0	0	0	0	0	0	0	0	0	0	0	0	0	0	0	0	0	0	0	0	0	0	0	0	0	0	0	0	0	0	0	0	0	0	0	0	0	0	0	0	0	0	0	0	0	0	0	0	0	0	0	0	0	0	0	0	0	0	0	0	0	0	0	0	0	0	0	0	0	0	0	0	0	0	0	0	0	0	0	0	0	0	0	0	0	0	
57904	0	0	0	0	0	0	0	0	0	0	0	0	0	0	0	0	0	0	0	0	0	0	0	0	0	0	0	0	0	0	0	0	0	0	0	0	0	0	0	0	0	0	0	0	0	0	0	0	0	0	0	0	0	0	0	21.6815	51.015	0	0	0	0	0	0	0	0	0	0	0	0	0	0	0	0	0	0	0	0	0	0	0	0	0	0	0	0	0	0	0	0	0	0	0	0	0	0	0	0	0	0	0	0	0	0	0	0	0	0	0	0	0	0	0	956.53	0	0	0	0	0	0	0	0	0	0	0	24.232	0	10.203	0	0	0	0	0	
58029	0	0	0	0	0	0	0	0	0	0	0	0	0	0	0	0	0	0	0	0	0	0	0	0	0	2.55075	0	0	0	0	0	0	0	0	0	0	2.55075	0	0	0	2.55075	0	3.82613	0	0	0	5.1015	0	0	0	0	0	0	0	0	0	0	0	0	0	0	0	0	0	0	0	0	0	0	0	0	0	0	0	0	0	0	0	0	0	0	0	0	0	0	0	0	0	2.55075	0	0	0	0	0	0	0	0	0	0	0	0	0	0	0	3.82613	0	0	0	0	0	0	0	0	5.1015	0	0	0	0	0	0	0	0	0	0	0	0	0	0	0	0	0	0	
58160	0	0	0	0	0	0	0	0	0	0	0	0	0	0	0	0	0	0	0	0	0	0	0	0	0	0	0	0	0	0	0	0	0	0	0	0	0	0	0	0	0	0	0	0	0	0	0	0	0	0	0	0	0	0	0	0	0	0	0	0	0	0	0	0	0	0	0	0	0	0	0	0	0	0	0	0	0	0	0	0	0	0	0	0	0	0	0	0	0	0	0	0	0	0	0	0	0	0	0	0	0	0	0	0	0	0	0	0	0	0	0	0	0	0	0	0	0	0	0	0	0	0	0	0	0	0	0	0	0	0	0	0	
58274	0	0	0	0	0	43.3628	0	0	0	0	0	0	0	0	0	0	0	0	0	0	0	0	0	0	0	0	0	0	0	0	0	0	0	0	0	0	0	0	0	0	0	16.5799	0	0	0	0	0	3.82613	0	0	0	5.1015	21.6815	0	0	0	0	0	0	0	5.1015	6.37687	3.82613	0	0	0	0	0	0	0	0	0	0	0	0	0	2.55075	0	98.204	2.55075	0	0	0	0	0	0	0	0	0	0	0	0	674.175	0	0	0	0	0	0	0	0	0	0	0	0	0	0	0	0	0	0	0	12.7537	0	0	0	5.1015	0	0	2.55075	0	0	0	0	0	0	53.5657	0	0	0	0	0	
58307	0	5.1015	0	7.65225	2.55075	0	0	183.654	0	1942.4	0	0	0	720.587	2418.11	0	0	0	0	0	3.82613	5.1015	82.8995	0	0	2.55075	0	8.92763	24.232	0	0	2.55075	3.82613	2.55075	0	0	2.55075	5.1015	0	4067.77	0	44.638	11.4784	0	0	0	47.189	0	0	0	0	0	0	0	0	20.406	399.193	0	0	0	117.335	79.0732	36.986	0	0	0	0	0	0	0	0	48.4643	100.755	0	0	0	0	0	5.1015	0	0	21.6815	0	0	0	11.4784	0	0	72.6965	7.65225	0	30.609	0	0	6.37687	0	0	0	0	6.37687	88.001	0	0	2.55075	206.611	0	0	0	0	29.3335	7.65225	0	0	54.841	0	145.393	0	0	0	0	0	0	56.1165	8.92763	3.82613	0	290.785	20.406	0	0	0	0	
58337	0	0	0	0	0	0	0	2461.88	0	0	0	0	0	0	808	0	0	5.1015	404	0	0	0	0	0	0	0	0	0	0	3749.62	0	0	0	0	0	0	0	0	0	0	0	0	0	0	0	0	0	0	0	0	0	0	0	0	0	0	0	0	0	0	10.203	2.55075	0	0	5.1015	0	0	0	0	0	0	0	0	0	0	0	0	0	7.65225	0	0	0	0	0	0	0	0	0	0	0	0	0	0	0	0	0	0	12.7537	0	0	0	0	0	2.55075	0	0	0	0	0	0	0	0	0	0	0	0	0	0	0	0	0	0	0	0	0	0	0	0	0	0	0	0	
58365	0	0	0	8.92763	0	0	0	0	0	0	0	0	0	0	0	0	0	0	0	0	0	0	0	0	0	0	0	0	0	0	0	0	3.82613	0	0	0	0	0	0	0	3.82613	0	0	0	0	5.1015	0	0	0	0	0	0	0	0	0	0	0	0	0	0	0	0	0	0	0	0	0	0	0	0	0	0	0	0	0	0	0	0	0	0	0	42.0875	0	3.82613	0	5.1015	0	0	3.82613	76.5225	0	269.104	0	0	0	0	0	0	0	0	0	0	0	0	728.239	0	0	0	0	0	17.8553	0	0	0	0	80.3485	0	0	0	0	0	0	0	0	0	0	29.3335	0	0	0	0	0	
68938	0	0	0	0	0	0	0	7.65225	39.5365	24.232	132.639	128.813	0	0	0	0	0	0	0	0	0	0	3.82613	0	0	0	0	0	326.556	0	0	0	0	0	0	0	0	0	0	0	0	71.421	0	0	0	0	0	0	7.65225	0	0	47.189	122.436	248.698	0	0	0	24.232	0	0	0	0	0	0	0	0	0	0	53.5657	122.436	20.406	0	0	0	0	0	7.65225	0	0	25.5075	0	0	0	0	0	0	0	0	0	0	0	0	0	0	0	0	0	0	0	0	0	0	0	0	0	0	235.945	136.465	0	0	0	0	72.6965	0	0	0	0	0	0	0	0	0	26.783	0	0	0	0	0	0	0	0	0	
68940	0	0	0	0	0	0	0	0	0	0	0	0	0	0	0	0	0	0	0	0	0	0	0	0	0	0	0	0	0	0	0	0	0	0	0	0	0	0	0	0	0	0	0	0	0	0	0	0	0	0	0	0	0	0	0	0	0	0	0	0	0	0	0	0	0	0	0	0	0	0	0	0	0	0	0	0	0	0	0	0	0	0	0	0	0	0	0	0	0	0	0	0	0	0	0	0	0	0	0	0	0	0	0	0	0	0	0	0	0	0	0	0	0	0	0	0	0	0	0	0	0	0	0	0	0	0	0	0	0	0	0	0	
68942	0	0	0	0	0	0	0	0	0	0	0	0	0	0	0	0	0	0	0	0	0	0	0	0	0	0	0	0	0	0	0	0	0	0	0	0	0	0	0	0	0	0	0	0	0	0	0	0	0	0	0	0	0	0	0	0	0	0	0	0	0	0	0	0	0	0	0	0	0	0	0	0	0	0	0	0	0	0	0	0	0	0	0	0	0	0	0	0	0	0	0	0	0	0	0	0	0	0	0	0	0	0	0	0	0	0	0	0	0	0	0	0	0	0	0	0	0	0	0	0	0	0	0	0	0	0	0	0	0	0	0	0	
68945	0	0	0	0	0	0	0	0	0	0	0	0	0	0	0	0	0	0	0	0	0	0	0	0	0	0	0	0	0	0	0	0	0	0	0	0	0	0	0	0	0	0	0	0	0	0	0	0	0	0	0	0	0	0	0	0	0	0	0	0	0	0	0	0	0	0	0	0	0	0	0	0	0	0	0	0	0	0	0	0	0	0	0	0	0	0	0	0	0	0	0	0	0	0	0	0	0	0	0	0	0	0	0	0	0	0	0	0	0	0	0	0	0	0	0	0	0	0	0	0	0	0	0	0	0	0	0	0	0	0	0	0	
68947	0	0	0	0	0	0	0	0	0	0	0	0	0	0	0	0	0	0	0	0	0	0	0	0	0	0	0	0	0	0	0	0	0	0	0	0	0	0	0	0	0	0	0	0	0	0	0	0	0	0	0	0	0	0	0	0	0	0	0	0	0	0	0	0	0	0	0	0	0	0	0	0	0	0	0	0	0	0	0	0	0	0	0	0	0	0	0	0	0	0	0	0	0	0	0	0	0	0	0	0	0	0	0	0	0	0	0	0	0	0	0	0	0	0	0	0	0	0	0	0	0	0	0	0	0	0	0	0	0	0	0	0	
68949	0	0	0	0	0	0	0	0	0	0	0	0	0	0	0	0	0	0	0	0	0	0	0	0	0	0	0	0	0	0	0	0	0	0	0	0	0	0	0	0	0	0	0	0	0	0	0	0	0	0	0	0	0	0	0	0	0	0	0	0	0	0	0	0	0	0	0	0	0	0	0	0	0	0	0	0	0	0	0	0	0	0	0	0	0	0	0	0	0	0	0	0	0	0	0	0	0	0	0	0	0	0	0	0	0	0	0	0	0	0	0	0	0	0	0	0	0	0	0	0	0	0	0	0	0	0	0	0	0	0	0	0	
68951	606	0	0	0	0	0	0	0	0	0	0	0	0	0	0	0	0	0	0	0	0	0	0	0	0	0	0	0	0	0	0	0	0	0	0	0	0	0	0	0	0	0	0	0	0	0	0	0	0	0	0	0	0	0	0	0	0	0	0	0	0	0	0	0	0	0	0	0	0	0	0	0	0	0	0	0	0	0	0	0	0	0	0	0	0	0	0	0	0	0	0	0	0	0	0	0	0	0	0	0	0	0	0	0	0	0	0	0	0	0	0	0	0	0	0	0	0	0	0	0	0	0	0	0	0	0	0	0	0	0	0	0	
68953	0	0	0	0	0	8.92763	2.55075	0	0	0	0	0	0	132.639	0	0	12.7537	2.55075	28.0583	0	0	67.595	7.65225	0	0	10.203	0	0	6.37687	77.798	0	0	0	0	0	0	0	0	0	0	14.0291	0	0	0	0	0	0	0	0	0	0	42.0875	79.0732	0	0	0	0	0	0	0	0	0	0	0	0	0	0	0	0	0	66.3195	82.8995	0	0	3.82613	0	0	0	0	0	0	0	0	506.359	0	0	0	0	0	0	0	0	0	0	0	0	0	60.273	0	0	0	0	0	5.1015	0	0	0	0	0	0	0	0	16.5799	0	0	0	0	0	0	0	0	0	0	0	31.8845	0	89.2763	0	0	0	0	0	
68955	0	0	0	0	0	0	0	0	0	0	0	0	0	7.65225	0	0	0	0	0	0	0	10.203	0	0	0	0	0	0	2.55075	0	0	0	0	0	0	0	0	0	0	0	0	14.0291	0	0	0	0	0	0	105.856	0	0	21.6815	48.4643	174.726	0	0	0	0	0	0	0	0	0	0	0	0	0	0	34.435	0	159.422	0	5.1015	3.82613	33.1597	0	0	0	0	0	0	3.82613	0	14.0291	0	0	0	0	0	0	0	0	0	0	0	0	0	0	0	0	0	0	0	0	0	0	0	0	0	0	0	0	146.668	0	0	0	0	0	0	0	0	0	252.523	0	0	0	108.407	33.1597	0	0	0	0	
68957	0	0	0	0	0	8.92763	0	0	0	0	0	0	0	0	0	0	0	0	0	0	0	7.65225	36.986	0	0	0	0	0	8.92763	0	0	0	0	0	0	0	0	0	0	0	0	96.9285	0	0	0	0	0	0	29.3335	0	0	63.7687	82.8995	10.203	0	0	5.1015	122.436	0	0	0	0	0	0	12.7537	0	0	0	131.364	0	63.7687	0	0	10.203	17.8553	0	0	0	0	0	0	0	0	0	0	0	0	0	0	0	0	0	0	0	0	0	0	0	0	0	0	0	0	0	0	0	0	0	0	0	0	0	169.625	0	0	0	0	0	0	0	0	0	133.914	0	0	0	16.5799	0	0	0	0	0	
68959	0	0	0	0	0	0	0	0	0	0	0	0	0	16.5799	0	0	0	0	0	0	0	3.82613	0	0	0	0	0	0	0	0	0	0	0	0	0	0	0	0	0	0	0	0	0	0	0	0	0	0	0	0	0	0	5.1015	17.8553	0	0	0	0	0	0	0	0	0	0	0	0	0	0	3.82613	0	6.37687	61.218	34.435	0	0	0	0	0	0	0	0	0	0	117.347	0	0	0	0	0	0	0	0	0	0	0	0	0	0	0	0	0	0	0	0	0	0	0	0	0	0	0	0	16.5799	0	0	0	0	0	0	0	0	0	0	0	0	0	16.5799	0	0	0	0	0	
68961	0	0	0	0	0	0	0	0	0	0	0	0	0	19.1306	0	0	0	0	3.82613	0	0	14.0291	0	0	0	0	0	0	0	8.92763	0	0	0	0	0	0	0	0	0	0	0	0	0	0	0	0	0	0	0	0	0	7.65225	34.435	506.324	0	0	0	2.55075	0	0	0	0	0	0	0	0	0	0	0	0	14.0291	104.581	0	0	2.55075	0	0	0	0	0	0	0	0	242.357	0	0	0	0	0	0	0	0	0	0	0	0	0	0	0	0	0	0	0	0	0	0	0	0	0	0	0	0	0	0	0	0	0	0	0	0	0	0	3.82613	0	0	0	35.7105	5.1015	0	0	0	0	
68963	0	0	0	0	0	77.798	0	0	0	0	0	0	0	2.55075	8.92763	0	0	0	0	0	0	28.0583	10.203	0	0	16.5799	0	0	52.2905	0	0	0	0	0	0	0	0	0	0	0	3.82613	65.044	0	0	0	0	0	0	29.3335	0	0	19.1306	76.5225	248.698	0	0	0	215.539	0	0	0	0	0	0	0	0	0	0	176.002	0	116.059	0	0	0	6.37687	34.435	8.92763	0	6.37687	0	0	0	0	0	0	0	0	0	0	0	0	0	72.6965	0	0	0	0	0	0	0	0	0	0	3.82613	0	0	0	0	0	0	0	0	30.609	0	0	0	0	0	0	0	0	0	133.914	0	0	0	7.65225	0	0	0	0	0	
68965	0	0	0	0	0	0	5.1015	0	0	0	0	0	0	137.741	0	0	2.55075	0	11.4784	0	0	5.1015	0	0	0	0	0	0	36.986	79.0732	0	0	0	0	0	0	0	0	0	0	0	0	0	0	0	0	0	0	5.1015	0	0	0	0	35.7105	0	0	0	0	0	0	5.1015	15.3045	6.37687	0	0	0	0	0	0	0	0	0	0	82.948	0	0	0	3.82613	3.82613	0	0	0	0	16.6725	0	0	0	0	0	0	0	0	0	0	0	0	0	136.465	0	0	0	0	0	0	0	0	0	3.82613	0	0	0	0	43.3628	0	0	0	3.82613	0	0	0	0	0	0	0	0	0	0	16.5799	0	0	0	0	
68967	0	0	0	0	0	29.3335	0	608.649	0	471.89	7.65225	0	0	2.55075	0	0	10.203	40.812	0	0	0	117.335	5.1015	0	0	0	0	0	0	0	0	0	0	0	0	0	0	0	0	314.527	38.2612	6.37687	0	0	36.986	0	0	0	0	0	0	0	0	0	0	0	0	0	0	0	6.37687	0	0	0	0	0	0	0	49.7395	0	0	0	0	0	0	0	0	0	0	0	0	0	0	0	0	0	0	0	0	0	0	0	0	0	0	0	0	0	0	15.3045	0	0	0	5.1015	0	0	0	0	0	0	0	0	0	0	0	0	0	0	0	0	99.4792	0	12.7537	0	0	0	0	0	0	0	0	0	
68969	0	0	0	0	0	16.5799	0	0	0	0	0	0	0	0	0	0	0	10.203	0	0	0	0	0	0	0	0	0	0	0	0	0	0	0	0	0	0	0	0	0	0	0	0	0	0	928.473	0	0	0	0	0	0	0	0	0	0	0	0	0	0	0	0	0	0	0	0	0	0	0	0	0	0	0	0	0	0	14.0291	0	0	0	0	0	0	0	0	0	0	0	0	0	0	0	0	0	0	0	0	0	0	0	0	0	0	596.876	0	0	0	0	0	0	0	0	0	0	0	0	0	0	0	0	0	0	0	0	0	0	0	0	0	0	0	0	0	
68981	0	0	0	0	0	0	0	2.55075	0	0	0	0	0	0	0	0	0	0	0	0	0	0	0	0	0	0	0	0	0	0	0	0	0	0	0	0	0	0	0	0	0	0	0	0	0	0	0	206.611	0	0	0	0	0	0	0	0	0	0	0	54.841	0	0	0	0	0	0	0	0	0	0	0	0	0	0	0	0	0	0	0	0	0	0	0	0	0	0	0	0	0	0	0	0	0	0	0	0	0	0	0	0	0	0	0	0	0	0	0	0	0	0	0	0	0	0	0	0	0	0	0	0	0	0	0	0	0	0	0	0	0	0	0	0	
68984	0	0	0	0	0	0	0	0	0	0	0	0	0	0	0	0	0	0	0	0	0	0	0	0	0	0	0	0	0	0	0	0	0	0	0	0	0	0	0	0	0	0	0	0	0	0	0	0	0	0	0	0	0	0	0	0	0	0	0	1744.71	0	0	0	0	0	0	0	0	0	0	0	0	0	0	0	0	0	0	0	0	0	0	0	0	0	0	0	0	0	0	0	0	0	0	0	0	0	0	0	0	0	0	0	0	0	0	0	0	0	0	0	0	0	0	0	0	0	0	0	0	0	0	0	0	0	0	0	0	0	0	0	0	
68987	0	0	0	0	0	0	0	0	0	0	0	0	0	0	0	0	0	0	0	0	0	0	0	0	0	0	0	0	0	0	0	0	0	0	0	0	0	0	0	0	0	0	0	0	0	0	0	0	0	0	0	0	0	0	0	0	0	0	0	257.627	0	0	0	0	0	0	0	0	0	0	0	0	0	0	0	0	0	0	0	0	0	0	0	0	0	0	0	0	0	0	0	0	0	0	0	0	0	0	0	0	0	0	0	0	0	0	0	0	0	0	0	0	0	0	0	0	0	0	0	0	0	0	0	0	0	0	0	0	0	0	0	0	
68989	0	0	0	0	0	0	0	0	0	0	0	0	0	11.4784	0	0	29.3335	6.37687	0	0	0	0	0	0	0	0	0	0	0	0	0	0	0	0	0	0	0	0	0	16.5799	0	0	0	0	0	0	0	0	0	0	0	0	0	0	0	0	0	0	0	0	0	5.1015	0	0	0	0	0	0	0	0	0	0	0	0	0	0	0	0	2.55075	0	0	0	0	0	0	0	0	0	0	0	0	0	0	0	0	0	0	0	0	547.136	0	0	440.005	237.221	0	0	0	0	0	0	0	0	0	0	0	0	0	0	0	0	0	0	0	0	0	0	0	0	0	0	0	0	
68991	0	0	0	0	0	0	0	2.55075	86.7255	0	167.074	0	0	0	0	0	0	0	0	0	0	0	0	0	0	0	0	0	73.9717	0	0	0	0	0	0	0	0	0	0	0	0	0	0	0	0	0	0	0	17.8553	5.1015	0	0	0	0	0	0	0	0	0	0	0	0	0	0	0	0	0	0	0	0	0	0	0	0	0	0	6.37687	0	0	17.8553	0	818.792	0	0	0	0	0	0	0	0	0	0	229.568	0	0	0	0	0	0	0	0	0	0	0	0	0	0	0	0	0	0	0	0	0	0	0	0	0	0	0	0	127.537	35.7105	0	0	0	0	0	0	0	0	0	
68994	0	0	0	0	0	0	0	21.6815	187.48	34.435	68.8703	10.203	0	0	0	0	0	0	0	0	0	0	0	0	0	0	0	0	283.158	0	0	0	0	0	0	0	0	0	0	0	0	0	0	0	0	0	0	0	7.65225	0	0	0	0	0	0	0	0	0	0	0	0	0	0	0	0	0	0	0	0	0	0	0	0	0	0	0	17.8553	0	0	11.4784	0	0	0	0	0	0	0	0	0	0	0	0	0	0	0	0	0	0	0	0	0	0	0	0	0	0	15.3045	56.1165	0	0	0	0	0	0	0	0	0	0	0	0	0	0	28.0583	0	0	0	0	0	0	0	0	0	
68997	0	0	0	0	0	0	0	443.83	0	94.3778	415.771	159.422	0	0	0	0	0	0	0	0	0	0	0	0	0	0	0	0	425.999	0	0	0	0	0	0	0	0	0	0	0	0	0	0	0	0	0	0	0	42.0875	0	0	0	108.407	84.1747	0	0	0	0	0	0	0	0	0	0	0	0	0	0	0	0	353.279	0	0	0	0	0	100.755	0	0	131.364	0	0	0	0	0	0	0	0	0	0	0	0	506.41	0	0	0	0	0	0	0	0	0	0	107.131	0	0	61.218	497.395	0	0	0	0	58.6673	0	0	81.624	0	0	0	0	0	20.1375	107.131	0	0	0	0	0	0	0	0	0	
68999	0	110.958	0	3.82613	0	0	0	6.37687	0	0	0	0	0	17.8553	0	0	0	0	0	0	865.979	29.3335	0	0	0	45.9135	0	10.203	0	2.55075	0	225.742	31.8845	126.262	0	0	0	0	0	0	506.324	12.7537	113.508	0	0	11.4784	28.0583	0	0	0	0	0	0	0	0	0	0	0	0	0	59.9425	0	0	0	24.232	0	0	0	0	0	2.55075	34.435	2.55075	0	0	0	0	0	7.65225	0	0	0	0	0	0	6.37687	0	0	22.9568	2.55075	0	5.1015	0	0	3.82613	0	0	0	0	0	3.82613	0	0	0	19.1306	0	0	0	0	0	0	0	0	77.798	7.65225	2.55075	0	0	0	0	0	0	0	0	0	0	0	0	0	0	0	0	
69001	0	0	0	0	0	0	0	0	0	0	0	0	0	0	0	0	0	0	0	0	0	0	0	0	0	0	0	0	0	0	0	0	0	0	0	0	0	0	0	0	0	0	0	0	0	0	0	0	0	0	0	0	0	0	0	0	0	0	0	0	0	0	0	0	0	0	0	0	0	0	0	0	0	0	0	0	0	0	0	0	0	0	0	0	0	0	0	0	0	0	0	0	0	0	0	0	0	0	0	0	0	0	0	0	0	0	0	0	0	0	0	0	0	0	0	0	0	0	0	0	0	0	0	0	0	0	0	0	0	0	0	0	
69003	0	0	0	677.224	0	0	0	0	0	0	0	0	0	0	0	0	0	0	0	0	16.5799	2.55075	0	0	0	0	0	0	0	0	0	0	67.595	0	0	0	0	0	0	0	188.756	0	0	0	0	0	0	0	0	0	0	0	0	0	0	16.5799	25.5075	0	0	0	0	0	0	0	0	0	0	0	0	0	0	0	22.9568	0	0	0	0	0	0	0	0	201.509	0	2.55075	0	10.203	0	0	10.203	33.1597	0	56.1165	0	0	0	0	0	0	0	0	0	0	0	0	121.161	0	0	0	0	0	54.841	0	0	99.4792	0	359.657	0	0	0	0	0	0	0	0	0	0	75.247	0	0	0	0	0	
69005	0	0	0	0	0	0	0	0	0	0	0	0	0	0	0	0	0	0	0	0	0	0	0	0	0	0	0	0	0	0	0	0	0	0	0	0	0	0	0	0	0	0	0	0	0	0	0	0	0	0	0	0	0	0	0	0	0	0	0	0	0	0	0	0	0	0	0	0	0	0	0	0	0	0	0	0	0	0	0	0	0	0	0	0	0	0	0	0	0	0	0	0	0	0	0	0	0	0	0	0	0	0	0	0	0	0	0	0	0	0	0	0	0	0	0	0	0	0	0	0	0	0	0	0	0	0	0	0	0	0	0	0	
69008	0	0	0	0	0	0	0	0	0	0	0	0	0	0	0	0	0	0	0	0	0	0	0	0	0	0	0	0	0	0	0	0	0	0	0	0	0	0	0	0	0	0	0	0	0	0	0	0	0	0	0	0	0	0	0	0	0	0	0	0	0	0	0	0	0	0	0	0	0	0	0	0	0	0	0	0	0	0	0	0	0	0	0	0	0	0	0	0	0	0	0	0	0	0	0	0	0	0	0	0	0	0	0	0	0	0	0	0	0	0	0	0	0	0	0	0	0	0	0	0	0	0	0	0	0	0	0	0	0	0	0	0	
69010	0	0	0	0	0	0	0	0	0	0	0	0	0	0	0	0	0	0	0	0	0	0	0	0	0	0	0	0	0	0	0	0	0	0	0	0	0	0	0	0	0	0	0	0	0	0	0	0	0	0	0	0	0	0	0	0	0	0	0	0	0	0	0	0	0	0	0	0	0	0	0	0	0	0	0	0	0	0	0	0	0	0	0	0	0	0	0	0	0	0	0	0	0	0	0	0	0	0	0	0	0	0	0	0	0	0	0	0	0	0	0	0	0	0	0	0	0	0	0	0	0	0	0	0	0	0	0	0	0	0	0	0	
69012	0	0	0	0	0	0	0	11.4784	0	0	0	0	0	6.37687	0	0	164.523	22.9568	0	0	0	0	0	0	0	0	0	0	0	0	0	0	0	0	0	0	0	0	0	168.349	0	10.203	0	0	0	0	0	0	0	0	0	0	0	0	0	0	0	10.203	0	0	0	3.82613	0	0	0	0	0	0	0	0	0	0	0	0	0	0	0	0	0	0	0	0	0	0	0	0	0	0	0	0	0	0	0	0	0	0	0	0	0	0	0	0	0	173.451	0	0	0	0	0	0	0	0	0	0	0	0	0	0	0	0	0	0	0	0	0	0	0	0	0	0	0	0	
69015	0	0	0	0	0	0	0	0	0	0	0	0	0	161.973	0	0	0	0	0	0	0	0	0	0	0	0	0	0	0	0	0	0	0	0	0	20.406	0	0	0	0	0	0	0	0	0	0	0	0	0	0	0	0	0	0	0	0	0	0	0	0	0	0	0	0	0	0	0	0	0	0	0	0	0	0	0	0	0	0	0	0	0	0	0	0	0	0	0	0	0	0	0	0	0	0	0	0	0	5.1015	0	5.1015	0	0	0	0	12.7537	0	0	0	0	0	0	0	0	0	0	0	0	0	0	0	0	0	0	0	0	0	0	0	0	0	0	0	
69017	0	0	0	20.406	0	0	0	54.841	0	0	0	0	0	256.351	0	0	0	165.799	14.0291	130.088	0	0	2.55075	77.798	0	0	0	0	0	0	0	0	7.65225	0	0	0	0	0	0	0	0	2.55075	0	0	0	0	10.203	0	0	0	0	0	0	0	0	2.55075	2.55075	0	0	0	54.841	20.406	10.203	0	26.783	0	0	0	0	0	0	0	0	0	0	0	0	0	2.55075	0	0	0	0	0	0	0	0	0	0	10.203	0	63.7687	0	0	15.3045	0	0	0	0	93.1025	34.435	0	0	535.694	144.117	0	0	0	0	0	0	0	0	24.232	0	38.2612	0	0	0	0	0	0	0	0	0	0	12.7537	0	0	0	0	0	
69019	0	0	0	0	0	0	0	0	0	16.5799	336.699	0	0	0	0	0	0	0	0	0	0	0	0	0	0	0	0	0	0	0	0	0	0	0	0	0	0	0	0	14.0291	0	0	0	0	0	0	0	0	0	0	0	0	0	0	0	0	0	0	0	0	0	0	0	0	0	0	0	0	0	0	0	0	0	0	0	0	0	0	0	0	0	0	0	0	0	0	0	0	0	0	0	0	2.55075	0	0	0	0	0	0	0	0	0	0	0	0	0	0	0	0	0	0	0	0	0	0	0	0	0	0	0	0	0	0	0	0	0	0	0	0	0	0	0	
69021	0	0	0	6.37687	0	0	0	28.0583	0	0	24.232	0	0	313.741	0	0	15.3045	8.92763	0	0	0	85.777	20.406	0	0	128.813	0	0	0	0	0	0	0	0	0	0	0	0	0	30.609	25.5075	63.7687	0	0	0	0	0	0	0	0	0	0	0	36.986	0	0	0	0	0	0	26.783	10.203	2.55075	0	2.55075	0	0	0	2.55075	0	0	0	0	0	0	0	0	0	0	0	0	0	0	0	0	0	0	0	0	0	0	35.7105	0	0	38.2612	0	0	960.904	0	124.987	54.841	0	0	113.931	161.973	0	0	0	0	0	0	0	0	0	0	0	0	0	0	0	0	0	0	0	0	0	0	0	0	0	0	0	
69025	0	0	0	0	0	0	0	0	0	0	0	0	0	0	0	0	0	0	0	0	0	0	0	0	0	0	0	0	0	0	0	0	0	0	0	0	0	0	0	0	0	0	0	0	0	0	0	0	0	0	0	0	0	0	0	0	0	0	0	0	0	0	0	0	0	0	0	0	0	0	0	0	0	0	0	0	0	0	0	0	0	0	0	0	0	0	0	0	0	0	0	0	0	0	0	0	0	0	0	0	0	0	0	0	0	0	0	0	0	0	0	0	0	0	0	0	0	0	0	0	0	0	0	0	0	0	0	0	0	0	0	0	
69031	0	0	0	0	0	0	0	0	0	0	0	0	0	0	0	0	0	0	0	0	0	404	0	0	0	0	0	0	0	0	0	0	0	0	0	0	0	0	0	0	0	0	0	0	0	0	0	0	0	0	0	0	0	0	0	0	0	0	0	0	0	0	0	0	0	0	0	0	0	0	0	0	0	0	0	0	0	0	0	0	0	0	0	0	0	0	0	0	0	0	0	0	0	0	0	0	0	0	0	0	0	0	0	0	0	0	0	0	0	0	0	0	0	0	0	0	0	0	0	0	0	0	0	0	0	0	0	0	0	0	0	0	
69060	0	0	0	0	0	0	0	34.435	0	0	0	0	0	0	67.595	98.204	0	0	0	0	0	20.406	0	0	0	0	0	0	307.366	0	0	0	0	0	0	0	0	0	0	0	0	20.406	0	0	0	0	0	228.292	6.37687	0	0	53.5657	49.7395	0	0	0	0	52.2905	0	0	0	0	0	0	0	0	0	0	135.19	0	33.1597	0	0	0	0	0	3.82613	390.266	0	0	0	0	0	0	0	0	0	0	0	0	0	0	0	0	0	0	0	0	0	0	0	0	0	0	0	0	0	0	0	0	0	0	17.8553	0	0	0	0	0	0	0	0	5.1015	5.1015	0	0	0	0	0	0	0	0	0	
69062	0	3.82613	0	0	0	0	0	0	0	0	0	0	0	12.7537	0	0	0	0	0	0	274.205	8.92763	0	0	0	11.4784	0	36.986	14.0291	0	0	0	0	0	0	0	0	0	0	0	24.232	2.55075	16.5799	0	0	29.3335	90.5515	0	0	0	0	0	0	0	0	0	0	0	0	0	0	24.232	0	0	0	0	0	0	0	0	0	0	0	0	0	0	0	0	0	0	0	0	0	0	0	0	0	0	6.37687	3.82613	0	0	0	0	7.65225	0	0	0	0	0	8.92763	0	0	2.55075	10.203	0	0	0	0	0	0	0	0	21.6815	0	0	0	0	0	0	0	0	0	0	0	0	0	0	0	0	0	0	
69065	0	0	0	2.55075	0	0	0	0	0	0	0	0	0	0	0	0	0	0	0	0	0	140.291	0	0	0	0	0	0	26.783	0	0	0	0	0	0	0	0	0	0	2.55075	110.958	0	0	0	0	31.8845	5.1015	0	0	0	0	0	0	0	0	3.82613	0	0	0	0	0	0	0	0	0	0	0	0	0	0	0	0	3.82613	0	0	0	0	0	0	0	0	0	0	5.1015	0	0	0	0	0	3.82613	0	0	0	0	0	0	0	0	0	0	2.55075	0	0	0	0	0	0	0	0	0	0	0	0	139.016	0	3.82613	0	0	0	0	0	0	0	0	0	0	75.247	3.82613	0	0	0	0	
69067	0	0	0	2.55075	0	0	0	0	0	0	0	0	0	2.55075	0	0	0	0	0	0	130.088	979.194	0	0	0	86.7255	0	3.82613	66.3195	0	0	0	0	0	0	0	0	0	0	3.82613	522.905	0	3.82613	0	0	0	7.65225	0	0	0	0	0	0	0	0	0	81.624	0	0	0	0	0	0	0	0	0	0	0	0	0	0	0	0	0	0	0	0	0	0	0	0	0	0	84.1747	0	0	0	0	0	0	0	0	0	0	7.65225	0	0	0	0	0	7.65225	0	0	0	0	0	0	0	0	0	21.6815	0	0	0	0	0	0	0	0	0	0	0	38.2612	0	0	0	121.161	5.1015	0	0	0	0	
69069	0	0	0	0	0	0	0	0	0	0	0	0	0	0	0	0	0	0	0	0	0	0	0	0	0	0	0	0	0	0	0	0	0	0	0	0	0	0	0	0	0	0	0	0	0	0	0	0	0	0	0	0	0	0	0	0	0	0	0	0	0	0	0	0	0	0	0	0	0	0	0	0	0	0	0	0	0	0	0	0	0	0	0	0	0	0	0	0	0	0	0	0	0	0	0	0	0	0	0	0	0	0	0	0	0	0	0	0	0	0	0	0	0	0	0	0	0	0	0	0	0	0	0	0	0	0	0	0	0	0	0	0	
69071	0	0	0	5.1015	0	0	0	0	0	0	0	0	0	0	0	0	0	0	0	0	7.65225	21.6815	0	0	0	5.1015	0	0	0	0	0	0	0	0	0	0	0	0	0	0	35.7105	0	0	0	0	0	0	0	0	0	0	0	0	0	0	0	0	0	0	0	0	0	0	0	0	0	0	0	0	0	0	10.203	0	0	0	0	0	0	0	0	0	76.5225	0	15.3045	0	0	0	0	0	0	0	57.392	0	0	0	0	0	0	0	0	0	0	0	0	140.291	0	0	0	0	0	30.609	0	0	0	0	179.828	0	0	0	0	0	0	0	0	0	0	105.856	0	0	0	0	0	
69073	0	0	0	10.203	0	0	0	0	0	0	0	0	0	0	0	0	0	0	0	0	8.92763	21.6815	0	0	0	5.1015	0	0	0	0	0	0	0	0	0	0	0	0	0	0	168.349	0	0	0	0	5.1015	3.82613	0	0	0	0	0	0	0	0	0	0	0	0	0	0	0	0	0	0	0	0	0	0	0	0	0	0	0	0	0	0	0	0	0	0	8.92763	0	0	0	0	0	0	0	0	0	2.55075	0	0	0	0	0	0	0	0	0	0	0	0	107.131	0	0	0	0	0	2.55075	0	0	0	0	5.1015	0	0	0	0	0	0	0	0	0	0	3.82613	0	0	0	0	0	
69075	0	0	0	0	0	0	0	0	0	0	0	0	0	0	0	0	0	0	0	0	0	0	0	0	0	0	0	0	0	0	0	0	0	0	0	0	0	0	0	0	0	0	0	0	0	0	0	0	0	0	0	0	0	0	0	0	0	0	0	0	0	0	0	0	0	0	0	0	0	0	0	0	0	0	0	0	0	0	0	0	0	0	0	0	0	0	0	0	0	0	0	0	0	0	0	0	0	0	0	0	0	0	0	0	0	0	0	0	0	0	0	0	0	0	0	0	0	0	0	0	0	0	0	0	0	0	0	0	0	0	0	0	
69077	0	0	0	0	0	0	0	0	0	0	0	0	0	0	0	0	0	0	0	0	0	0	0	0	0	0	0	0	0	0	0	0	0	0	0	0	0	0	0	0	0	0	0	0	0	0	0	0	0	0	0	0	0	0	0	0	0	0	0	0	0	0	0	0	0	0	0	0	0	0	0	0	0	0	0	0	0	0	0	0	0	0	0	0	0	0	0	0	0	0	0	265.278	0	0	0	0	0	0	0	0	0	0	0	0	7.65225	0	0	0	0	0	0	0	0	0	0	0	0	0	0	0	0	0	0	0	0	0	0	0	0	0	0	0	
69079	0	0	0	3.82613	0	0	0	0	0	0	0	0	0	0	0	0	0	0	0	0	14.0291	107.131	0	0	0	22.9568	0	0	6.37687	0	0	0	0	0	0	0	0	0	0	0	35.7105	0	0	0	0	274.205	8.92763	0	0	0	0	0	0	0	0	6.37687	0	0	0	0	0	0	0	0	0	0	0	0	0	0	0	0	0	0	0	0	0	0	0	0	0	0	0	0	0	0	0	0	0	0	0	0	0	0	0	0	0	0	0	0	2.55075	0	0	0	0	0	0	0	0	0	0	0	0	0	0	0	0	0	0	0	0	0	0	0	0	0	0	0	0	0	0	0	
69081	0	0	0	2.55075	0	0	0	0	0	0	0	0	0	0	0	0	0	0	0	0	10.203	0	0	0	0	0	0	0	0	0	0	0	35.7105	0	0	0	0	0	0	0	0	0	3.82613	0	0	98.204	16.5799	0	0	0	0	0	0	0	0	0	0	0	0	0	0	0	0	0	0	0	0	0	0	0	0	0	0	0	0	0	0	0	0	0	340.525	0	0	0	0	0	0	0	8.92763	16.5799	0	42.0875	0	0	0	0	0	0	0	0	0	0	0	0	53.5657	0	0	0	0	0	0	0	0	135.19	3.82613	0	0	0	0	0	0	0	0	0	0	0	0	0	0	0	0	0	
69083	0	3.82613	0	0	0	0	0	16.5799	0	0	0	0	0	38.2612	2.55075	0	0	0	0	0	411.946	6.37687	12.7537	0	0	63.7687	0	116.059	150.494	0	0	2.55075	2.55075	2.55075	0	0	0	0	0	3.82613	187.48	12.7537	29.3335	0	0	54.841	243.596	0	0	0	0	0	0	0	0	3.82613	14.0291	0	0	0	22.9568	10.203	38.2612	0	10.203	0	0	0	0	0	0	0	0	0	0	0	0	0	22.9568	0	0	0	0	0	0	2.55075	0	0	5.1015	16.5799	0	6.37687	0	0	31.8845	0	0	0	0	5.1015	36.986	0	0	6.37687	40.812	0	0	0	0	0	0	0	0	17.8553	24.232	0	0	0	0	0	0	0	0	0	0	0	2.55075	0	0	0	0	0	
69085	0	0	0	10.203	0	0	0	0	0	0	0	0	0	2.55075	0	0	0	0	0	0	0	243.596	0	0	0	3.82613	0	0	66.3195	0	0	0	0	0	0	0	0	0	0	2.55075	170.9	0	0	0	0	42.0875	17.8553	0	0	0	0	0	0	0	0	0	0	0	0	0	0	0	0	0	0	0	0	0	0	0	0	0	0	0	0	0	0	0	0	0	628.76	123.711	0	0	0	0	0	0	2.55075	14.0291	0	3.82613	0	0	2.55075	0	0	0	0	0	2.55075	0	0	0	0	0	0	0	0	0	35.7105	0	0	1015.2	6.37687	15.3045	0	0	0	0	0	0	0	0	0	0	5.1015	0	0	0	0	0	
69087	0	0	0	0	0	0	0	170.9	0	7.65225	894.038	0	0	29.3335	0	0	0	0	0	0	0	146.668	206.611	0	0	0	0	0	144.117	0	0	0	0	0	0	0	0	0	0	2126.95	75.247	122.436	0	750.705	0	0	0	0	0	0	0	0	0	0	0	0	0	0	0	0	190.403	242.938	0	0	237.221	0	0	0	0	0	0	0	0	0	0	0	0	0	6.37687	0	0	34.435	0	0	0	0	0	0	0	0	0	0	0	0	0	0	0	0	0	0	10.203	0	0	3.82613	0	0	0	0	0	0	33.1597	0	0	0	0	0	0	0	0	0	0	0	0	0	0	0	2.55075	3.82613	0	0	0	0	
69089	641.513	0	450.208	0	210.437	0	207.886	28.0583	0	0	0	7.65225	0	98.204	3.82613	0	0	0	0	15.3045	610.904	225.742	3.82613	2.55075	0	84.1747	0	52.2905	771.602	17.8553	29.3335	0	0	0	0	0	5.1015	0	0	2.55075	25.5075	67.595	24.232	0	0	0	144.117	0	0	0	0	0	0	34.435	0	29.3335	12.7537	0	0	0	568.816	251.249	165.799	0	123.711	0	0	0	63.7687	0	2.55075	0	0	0	0	0	0	0	39.5365	0	0	0	0	0	0	0	0	0	3.82613	0	0	0	0	0	6.37687	0	0	0	0	2.55075	19.1306	0	0	5.1015	0	0	0	0	0	0	0	0	0	0	0	0	0	0	0	0	0	0	95.653	0	0	0	0	0	0	0	0	0	
69091	0	0	0	0	0	0	0	0	0	0	0	0	0	0	0	0	0	0	0	0	0	0	0	0	0	0	0	0	0	0	0	0	0	0	0	0	0	0	0	0	0	0	0	0	0	0	0	0	0	0	0	0	0	0	0	0	0	0	0	0	0	0	0	0	0	0	0	0	0	0	0	0	0	0	0	0	0	0	0	0	0	0	0	0	0	0	0	0	0	0	0	0	0	0	0	0	0	0	0	0	0	0	0	0	0	0	0	0	0	0	0	0	0	0	0	0	0	0	0	0	0	0	0	0	0	0	0	0	0	0	0	0	
69093	22.9568	0	0	0	24.232	0	2.55075	0	0	0	0	0	0	17.8553	0	0	0	0	0	26.783	47.189	0	0	0	0	0	0	0	7.65225	6.37687	11.4784	0	0	0	0	0	0	0	0	0	0	0	0	0	0	0	0	0	0	0	0	0	0	44.638	0	0	0	0	0	0	77.798	16.5799	6.37687	0	0	0	0	0	0	0	0	0	0	0	0	0	0	0	7.65225	0	0	0	0	6.37687	0	0	0	0	0	0	0	0	0	0	0	0	0	0	0	0	0	0	0	0	0	0	0	0	0	0	0	0	390.266	0	0	0	5.1015	0	0	0	0	0	0	0	11.4784	0	2.55075	116.059	0	0	0	0	
69095	0	0	0	0	0	0	0	0	0	0	0	0	0	1674.57	0	0	0	0	1568.45	0	0	793.382	0	0	0	0	0	0	77.798	52.2905	0	0	0	0	0	173.451	0	0	0	0	0	0	0	0	0	0	0	0	0	0	0	243.657	234.669	15.3045	0	0	0	0	1237.25	0	3.82613	5.1015	10.203	0	0	0	0	0	0	0	0	10.203	396.641	76.5225	6.37687	0	0	0	0	0	0	0	0	1202.19	0	0	0	0	0	28.0583	0	0	0	0	0	0	0	31.8845	0	327.772	0	0	0	15.3045	49.7395	0	0	0	0	0	0	0	172.2	14.0291	0	0	0	0	0	0	0	0	0	0	3.82613	0	0	131.364	0	0	0	0	
69097	2.55075	0	8.92763	0	3.82613	0	2.55075	0	0	0	0	0	0	153.045	0	0	0	0	6.37687	7.65225	0	7.65225	0	0	0	0	0	0	47.189	22.9568	0	0	0	0	0	0	0	0	0	0	0	0	0	0	0	0	0	0	0	0	0	0	0	40.812	0	0	3.82613	0	840.825	0	211.712	56.1165	39.5365	0	0	0	0	0	2.55075	0	0	142.842	3.82613	0	0	0	0	3.82613	6.37687	0	0	0	0	30.609	0	0	0	0	0	0	0	0	0	0	0	0	0	0	0	3.82613	0	0	0	0	0	0	0	0	0	0	0	0	683.601	2.55075	0	0	0	0	0	0	0	0	0	0	5.1015	0	0	61.218	0	0	0	0	
69099	0	0	8.92763	0	2.55075	0	0	0	0	0	0	0	0	0	0	0	0	0	0	0	0	0	0	0	0	0	0	0	0	0	0	0	0	0	0	0	0	0	0	0	0	0	0	0	0	0	0	0	0	0	0	603.253	257.627	0	0	0	0	0	0	0	6.37687	2.55075	2.55075	0	0	0	0	0	0	0	0	0	0	0	0	0	0	0	0	0	0	0	0	0	0	0	0	0	0	0	0	0	0	0	0	0	0	0	0	0	0	0	0	0	0	0	0	0	0	0	0	0	0	0	0	0	0	0	0	0	0	0	0	0	0	0	0	0	0	0	0	0	
69101	0	0	0	0	0	0	0	158.146	0	1005	2981.17	0	0	0	0	0	0	0	0	0	0	0	0	0	0	0	0	0	4296	0	0	0	0	0	0	0	0	0	0	0	0	0	0	0	0	0	0	0	0	0	0	0	0	0	0	0	0	0	0	0	0	0	0	0	0	0	0	0	0	0	0	0	0	0	0	0	0	0	0	0	0	0	0	0	0	0	0	0	0	0	0	0	0	0	0	0	0	0	0	0	0	0	0	0	0	0	0	0	0	0	0	0	0	0	0	0	0	0	0	279.307	0	0	0	0	0	0	0	0	0	0	0	0	
69103	76.5225	0	66.3195	0	39.5365	0	31.8845	0	0	0	0	0	0	5.1015	0	0	0	0	0	2.55075	33.1597	0	2.55075	0	0	0	0	0	5.1015	2.55075	8.92763	0	0	0	0	0	0	0	0	0	0	5.1015	2.55075	0	0	0	0	0	0	0	0	0	0	2.55075	0	8.92763	122.436	0	0	0	14.0291	11.4784	0	0	19.1306	0	0	0	2.55075	0	0	0	0	0	0	0	0	0	0	0	0	0	0	0	0	0	0	0	0	0	0	0	0	0	0	0	0	0	0	0	0	0	0	0	0	0	0	0	0	0	0	0	0	0	0	0	0	0	0	0	0	0	0	0	0	0	0	0	0	0	0	0	
69105	0	0	0	0	0	0	0	0	0	0	0	0	0	0	0	0	0	0	0	0	0	5.1015	51.015	0	0	0	0	0	3.82613	0	0	0	0	0	0	0	0	0	0	0	0	29.05	0	0	0	0	0	0	57.34	0	0	49.7395	62.9515	115.698	0	0	6.37687	71.8185	0	0	0	0	0	0	0	0	0	0	136.033	0	238.468	2.55075	24.2745	0	0	28.0583	0	0	0	0	0	0	0	64.5645	0	0	0	0	0	0	0	0	26.783	0	0	0	0	0	0	0	0	0	0	0	0	0	0	0	0	0	0	0	63.0865	0	0	0	0	0	0	0	0	0	305.738	0	0	0	49.841	0	0	0	0	0	
69107	0	0	0	0	0	644.065	0	188.756	2.55075	121.161	258.901	0	0	16.5799	0	5.1015	21.6815	281.858	0	0	0	0	0	0	0	0	0	0	0	0	0	0	0	0	0	0	0	0	0	12.7537	0	0	0	0	2.55075	0	0	0	0	8.92763	0	0	0	0	0	0	0	0	0	0	0	0	0	0	0	0	0	0	0	0	0	0	0	0	0	0	762.673	0	3.82613	14.0291	0	0	0	0	0	0	0	0	0	0	0	0	53.5657	0	0	0	0	16.5799	0	7.65225	0	0	0	235.656	7.65225	0	2.55075	16.5799	0	0	0	0	0	0	0	0	0	0	0	0	0	30.609	0	0	0	0	0	0	0	0	0	0	
69109	515.263	0	534.393	0	306.113	0	178.553	12.7537	0	0	0	0	0	55.781	0	0	0	0	0	75.247	196.408	90.5515	53.5657	0	0	36.986	0	20.406	272.929	39.5365	6.37687	3.82613	0	0	0	0	0	0	0	7.65225	0	25.5075	24.232	0	0	0	52.2905	0	0	0	0	0	0	248.698	0	0	243.596	0	0	0	341.826	116.059	24.232	0	33.1597	0	0	0	0	0	193.857	0	0	0	0	0	0	2.55075	0	0	0	0	0	0	0	0	0	0	0	0	0	0	0	0	14.0291	0	0	0	0	0	43.3628	0	0	5.1015	0	0	0	2.55075	0	0	0	0	0	0	0	0	6.37687	0	0	0	0	0	0	0	0	0	0	0	0	0	0	0	
69111	0	0	0	0	0	0	0	0	0	0	0	0	0	0	0	0	0	0	0	0	0	0	0	0	0	0	0	0	0	0	0	0	0	0	0	0	0	0	0	0	0	0	0	0	0	0	0	0	0	0	0	0	0	0	0	0	0	0	0	0	0	0	0	0	0	0	0	0	0	0	0	0	0	0	0	0	0	0	0	0	0	0	0	0	0	0	0	0	0	0	0	0	0	0	0	0	0	0	0	0	0	0	0	0	0	0	0	0	0	0	0	0	0	0	0	0	0	0	0	0	0	0	0	0	0	0	0	0	0	0	0	0	
69113	640.237	0	425.974	0	299.713	0	0	0	0	0	0	0	0	0	0	0	0	0	0	0	0	0	0	0	0	0	0	0	94.3778	0	0	0	0	0	0	0	0	0	0	0	0	0	0	0	0	0	0	0	0	0	0	0	0	0	0	0	0	0	0	0	0	0	0	0	0	0	0	0	0	0	0	0	0	0	0	0	0	0	0	0	0	0	0	0	0	0	0	0	0	0	0	0	0	0	0	0	0	0	0	0	0	0	0	0	0	0	0	0	0	0	0	0	0	0	0	0	0	0	0	0	0	0	0	0	0	0	0	0	0	0	0	0	
69115	0	0	0	0	0	0	0	0	0	0	0	0	0	0	0	0	0	0	0	0	0	0	0	0	0	0	0	0	0	0	0	0	0	0	0	0	0	0	0	0	0	0	0	0	0	0	0	0	0	0	0	0	0	0	0	0	0	0	0	0	0	0	0	0	0	0	0	0	0	0	0	0	0	0	0	0	0	0	0	0	0	0	0	0	0	0	0	0	0	0	0	0	0	0	0	0	0	0	0	0	0	0	0	0	0	0	0	0	0	0	0	0	0	0	0	0	0	0	0	0	0	0	0	0	0	0	0	0	0	0	0	0	
69117	0	0	0	0	0	0	0	0	0	887.661	0	0	0	0	0	0	0	0	0	0	0	0	0	0	0	0	0	0	0	0	0	0	0	0	0	0	0	0	0	0	0	0	0	0	0	0	0	63.7687	0	0	0	0	0	0	0	0	0	0	0	0	0	0	0	0	0	0	0	0	0	0	0	0	0	0	0	0	0	0	0	0	0	0	0	0	0	0	0	0	0	0	0	0	0	0	0	0	0	0	0	0	0	0	0	0	0	0	0	0	0	0	0	0	0	0	0	0	0	0	0	0	14.0291	0	0	0	0	0	0	0	0	0	0	0	
69119	0	0	0	0	0	0	0	188.02	0	57.392	0	0	0	0	0	0	0	0	0	0	0	0	0	0	0	0	0	0	0	0	0	0	0	0	0	0	0	0	0	0	0	0	0	0	0	0	0	0	0	0	0	0	0	0	0	0	0	0	0	0	0	0	0	0	0	0	0	0	0	0	0	0	0	0	0	0	0	0	0	0	0	0	0	0	0	0	0	0	0	0	0	0	0	0	0	0	0	0	0	0	0	0	0	0	0	0	0	0	0	0	0	0	0	0	0	0	0	0	0	0	118.61	0	0	0	0	0	0	0	0	0	0	0	
69121	0	0	0	0	0	0	0	0	0	0	0	0	0	0	0	0	0	0	0	0	0	0	0	0	0	0	0	0	0	0	0	0	0	0	0	0	0	0	0	0	0	0	0	0	0	0	0	0	0	0	0	0	0	0	0	0	0	0	0	0	0	0	0	0	0	0	0	0	0	0	0	0	0	0	0	0	0	0	0	0	0	0	0	0	0	0	0	0	0	0	0	0	0	0	0	0	0	0	0	0	0	0	0	0	0	0	0	0	0	0	0	0	0	0	0	0	0	0	0	0	0	0	0	0	0	0	0	0	0	0	0	0	
69123	0	0	0	0	0	0	0	0	0	0	0	0	0	0	0	0	0	0	0	0	0	0	0	0	0	0	0	0	0	0	0	0	0	0	0	0	0	0	0	0	0	0	0	0	0	0	0	0	0	0	0	0	0	0	0	0	0	0	0	0	0	0	0	0	0	0	0	0	0	0	0	0	0	0	0	0	0	0	0	0	0	0	0	0	0	0	0	0	0	0	0	0	0	0	0	0	0	0	0	0	0	0	0	0	0	0	0	0	0	0	0	0	0	0	0	0	0	0	0	0	0	0	0	0	0	0	0	0	0	0	0	0	
69125	0	0	0	0	0	0	0	0	0	0	0	0	0	0	0	0	0	0	0	0	0	0	0	0	0	0	0	0	0	0	0	0	0	0	0	0	0	0	0	0	0	0	0	0	0	0	0	0	0	0	0	0	0	0	0	0	0	0	0	0	0	0	0	0	0	0	0	0	0	0	0	0	0	0	0	0	0	0	0	0	0	0	0	0	0	0	0	0	0	0	0	0	0	0	0	0	0	0	0	0	0	0	0	0	0	0	0	0	0	0	0	0	0	0	0	0	0	0	0	0	0	0	0	0	0	0	0	0	0	0	0	0	
69127	0	0	0	0	0	0	0	0	0	0	0	0	0	0	133.914	0	0	0	0	0	0	0	0	0	0	0	0	0	105.856	0	0	0	0	0	0	0	0	0	0	0	0	8.92763	0	0	0	0	0	0	0	0	0	0	52.2905	0	0	0	0	0	0	0	0	0	0	0	0	0	0	0	0	0	0	0	0	0	0	0	0	1163.14	0	0	0	0	0	0	0	0	0	0	0	0	0	0	0	0	0	0	0	0	0	0	0	0	0	0	0	0	0	0	0	0	0	0	11.4784	0	0	0	0	0	0	0	0	0	0	0	0	0	0	0	0	0	0	0	
69130	0	0	0	0	0	0	0	16.5799	0	0	2.55075	941.228	0	0	0	40.812	0	0	0	0	0	0	0	0	0	0	0	0	0	0	0	0	0	0	0	0	0	0	0	0	0	0	0	0	0	0	0	0	0	0	0	0	0	0	0	0	0	0	0	0	0	0	0	0	0	0	0	0	0	2.55075	0	0	0	0	0	0	53.5657	71.421	2.55075	0	0	0	0	0	0	0	0	0	0	0	0	0	0	0	0	0	0	0	0	0	0	0	0	0	0	7.65225	0	2.55075	0	0	0	0	0	0	0	0	0	0	0	0	0	0	0	0	0	0	0	0	0	0	0	0	
69132	0	0	0	0	0	0	0	107.131	0	0	0	22.9568	0	0	0	6.37687	0	0	0	0	0	0	0	0	0	0	0	0	0	0	0	0	0	0	0	0	0	0	0	0	0	0	0	0	0	0	0	0	0	0	0	0	0	0	0	0	0	0	0	0	0	0	0	0	0	0	0	0	0	0	0	0	0	0	0	0	0	1410.57	8.92763	0	0	0	0	0	0	0	0	0	0	0	0	0	0	0	0	0	0	0	0	0	0	0	0	0	0	334.147	0	1131.26	0	0	0	0	0	0	0	0	2.55075	0	0	0	0	0	0	0	0	0	0	0	0	0	0	0	
69134	0	0	0	0	0	33.1597	0	105.856	0	0	0	0	0	0	0	0	3.82613	40.812	0	0	0	0	0	0	0	0	0	0	0	0	0	0	0	0	0	0	0	0	0	247.424	0	0	0	0	94.3778	0	0	0	0	0	0	0	0	0	0	0	0	0	0	0	0	0	0	0	0	0	0	0	0	0	0	0	0	0	0	0	0	0	34.435	0	0	0	0	0	0	0	0	0	0	0	0	0	0	0	0	0	0	0	0	0	0	0	2.55075	3.82613	0	0	0	0	0	0	0	0	0	0	0	0	0	0	0	0	0	0	0	0	0	0	0	0	0	0	0	0	
69136	0	0	0	0	0	0	0	0	0	0	0	0	0	0	0	0	0	0	0	0	0	0	0	0	0	0	0	0	0	0	0	0	0	0	0	0	0	0	0	0	0	0	0	0	0	0	0	0	0	0	0	0	0	0	0	0	0	0	0	0	0	0	0	0	0	0	0	0	0	0	0	0	0	0	0	0	0	0	0	0	0	0	0	0	0	0	0	0	0	0	0	0	0	0	0	0	0	0	0	0	0	0	0	0	0	0	0	0	0	0	0	0	0	0	0	0	0	0	0	0	0	0	0	0	0	0	0	0	0	0	0	0	
69138	0	5.1015	6.37687	364.756	0	0	0	0	0	0	0	0	0	0	0	0	0	0	0	0	374.959	128.813	0	0	0	38.2612	0	2.55075	0	0	0	11.4784	123.711	7.65225	0	0	0	0	0	0	1569.99	0	5.1015	0	0	48.4643	5.1015	0	0	0	0	0	0	0	0	33.1597	110.958	0	0	0	0	0	0	0	0	0	0	0	0	0	0	38.2612	12.7537	0	0	0	0	0	0	0	0	136.465	0	15.3045	0	28.0583	0	0	0	67.595	0	0	0	0	6.37687	0	0	0	0	0	0	0	0	0	0	0	0	0	0	35.7105	95.653	0	0	25.5075	0	105.856	0	0	0	0	0	0	3.82613	0	3.82613	0	270.379	19.1306	0	0	0	0	
69140	0	0	0	0	0	0	0	0	0	0	0	0	0	0	0	0	0	0	0	0	0	22.9568	0	0	0	5.1015	0	0	0	0	0	0	0	0	0	0	0	0	0	0	62.4935	0	0	0	0	45.9135	0	0	0	0	0	0	0	0	0	0	0	0	0	0	0	0	0	0	0	0	0	0	0	0	0	0	0	0	0	0	0	0	0	0	0	0	0	0	0	0	0	0	0	0	0	0	0	0	0	0	0	0	0	0	0	0	0	0	0	0	0	0	0	0	0	0	0	0	0	0	0	0	0	0	0	0	0	0	0	0	0	0	0	0	0	0	
69142	0	0	0	14.0291	0	0	0	0	0	0	0	0	0	0	0	0	0	0	0	0	0	0	0	0	0	0	0	0	0	0	0	0	6.37687	0	0	0	0	0	0	0	0	0	0	0	0	0	0	0	0	0	0	0	0	0	0	0	0	0	0	0	0	0	0	0	0	0	0	0	0	0	0	0	0	0	0	0	0	0	0	0	0	0	0	0	0	0	0	0	0	3.82613	0	0	0	0	0	0	0	0	0	0	0	0	0	0	0	0	0	0	0	0	0	0	0	0	0	6.37687	0	0	0	0	0	0	0	0	0	0	0	0	0	0	0	0	
69144	0	0	0	0	2.55075	0	0	0	0	0	0	0	0	0	0	0	0	0	0	0	0	0	0	0	0	0	0	0	0	0	0	0	0	0	0	0	0	0	0	0	0	0	0	0	0	0	0	0	0	0	0	0	0	0	0	0	0	0	0	0	0	0	0	0	0	0	0	0	0	0	0	0	0	0	0	0	0	0	0	0	0	0	0	0	0	0	0	0	0	0	0	0	0	0	0	0	0	0	0	0	0	0	0	0	0	0	0	0	0	0	0	0	215.539	0	0	0	0	0	0	0	0	0	0	0	2.55075	0	0	3.82613	0	0	0	0	
69629	0	0	0	0	0	0	0	0	0	0	0	0	0	0	0	0	0	0	0	0	0	0	0	0	0	0	0	0	0	0	0	0	0	0	0	0	0	0	0	0	0	0	0	0	0	0	0	0	0	0	0	0	0	0	0	0	0	0	0	0	0	0	0	0	0	0	0	0	0	0	0	0	0	0	0	0	0	0	0	0	0	0	0	0	0	0	0	0	0	0	0	0	0	0	0	0	0	0	0	0	0	0	0	0	0	0	0	0	0	0	0	0	0	0	0	0	0	0	0	0	0	0	0	0	0	0	0	0	0	0	0	0	
72788	0	0	0	0	0	0	0	0	0	0	0	0	0	0	0	0	0	0	0	0	0	0	0	0	0	0	0	0	0	0	0	0	0	0	0	0	0	0	0	0	0	0	0	0	0	0	0	0	0	0	0	0	0	0	0	0	0	0	0	0	0	0	0	0	0	0	0	0	0	0	0	0	0	0	0	0	0	0	0	0	0	0	0	0	0	0	0	0	0	0	0	0	0	0	0	0	0	0	0	0	0	0	0	0	0	0	0	0	0	0	0	0	0	0	0	0	0	0	0	0	0	0	0	0	0	0	0	0	0	0	0	0	
73577	606	0	0	0	0	0	0	0	0	0	0	0	0	0	0	0	0	0	0	0	0	0	0	0	0	0	0	0	0	0	0	0	0	0	0	0	0	0	0	0	0	0	0	0	0	0	0	0	0	0	0	0	0	0	0	0	0	0	0	0	0	0	0	0	0	0	0	0	0	0	0	0	0	0	0	0	0	0	0	0	0	0	0	0	0	0	0	0	0	0	0	0	0	0	0	0	0	0	0	0	0	0	0	0	0	0	0	0	0	0	0	0	0	0	0	0	0	0	0	0	0	0	0	0	0	0	0	0	0	0	0	0	
																																																																																																																																					
