512	3	109.22	21109	19069	
513	3	129.67	19067	21109	
514	2	133.57	19065	21042	
516	2	47.65	-1	19201	
593	3	96.55	18703	-1	
594	3	43.88	-1	18734	
595	2	22.67	18721	18719	
596	3	18.51	18721	18724	
597	3	35.3	18724	18726	
598	3	21.04	18726	18728	
599	2	23.74	18730	18732	
600	2	33.96	18732	18707	
601	2	26.86	18740	23030	
602	2	19.6	18745	18752	
691	1	77.02	19191	-1	
694	2	102.52	19191	-1	
737	3	15.93	19329	19324	
738	1	73.63	19321	19336	
739	2	26.52	19336	19341	
740	2	12.32	19341	19346	
741	2	190.49	19346	19378	
742	2	112.74	19349	19346	
743	2	264.58	19385	19349	
744	2	109.98	41674	19349	
745	1	121.18	46601	41321	
746	2	116.81	41321	41674	
747	2	103.77	20648	46592	
749	2	22.31	46592	41321	
750	2	71.6	41321	54792	
751	2	102.83	54792	19364	
752	2	199.5	19364	19418	
753	4	10.62	19411	19420	
754	4	10.54	19424	19427	
755	2	163.27	19373	19378	
756	2	156.95	19378	19385	
757	2	127.97	19385	19399	
758	2	137.09	19399	19416	
759	2	145.31	19411	19399	
760	2	140.32	19399	19385	
761	2	152.69	19385	19378	
762	2	37.75	19371	19373	
763	4	9.63	19427	19642	
764	4	15.78	19642	19411	
765	2	18.34	19416	19420	
766	4	9.93	19420	19424	
767	2	18.21	19418	19424	
768	4	98.53	-1	19642	
769	4	99.02	19427	-1	
803	3	73.03	19427	41709	
980	3	15.48	20599	20594	
981	2	23.8	20640	20620	
982	3	23.91	46611	20642	
983	4	13.21	20648	46572	
989	1	42.8	54763	46441	
990	2	25.74	46552	46539	
991	2	9.35	45884	19090	
992	4	11.85	45891	19097	
993	2	12.36	45899	19104	
994	2	10.24	45906	19111	
995	3	13	45913	19118	
996	3	11.61	45920	19125	
997	4	11.46	45926	19132	
998	3	11.69	45934	19596	
999	3	10.85	45940	19603	
1000	4	11.97	45947	20527	
1001	4	10.36	46498	20813	
1002	4	9.55	20820	46498	
1003	6	10.44	46453	20829	
1004	6	19.38	20848	20856	
1005	2	17.25	20848	20836	
1006	3	13.29	20836	20848	
1008	3	10.11	20856	20836	
1009	2	14.46	20862	20842	
1010	2	11.71	20842	20862	
1011	6	20.04	20869	20876	
1012	2	51.48	20887	20901	
1013	2	31.78	20889	20891	
1014	4	6.47	20919	20926	
1015	3	6.05	20931	20938	
1016	4	9.45	46205	20943	
1017	4	11.41	45963	20948	
1018	2	9.6	45979	20953	
1019	3	26.2	20642	20972	
1020	2	27.43	20977	46966	
1021	5	18.12	21009	20981	
1022	3	40.69	20998	21009	
1023	2	55.6	20998	21009	
1024	4	21.84	20981	20988	
1025	5	31.42	20988	20998	
1026	2	33.69	20988	20998	
1027	3	19.48	20998	21009	
1028	3	9.05	21015	21022	
1029	2	8.35	21036	21027	
1030	5	11.54	21109	21042	
1031	5	9.04	21047	41116	
1032	4	6.4	41116	21051	
1033	3	8.13	21056	21065	
1034	2	8.41	21065	21071	
1035	3	7.8	21081	21087	
1036	3	8.72	21076	21081	
1037	4	13.56	21105	21099	
1038	4	12.49	21099	21092	
1039	1	6.33	19069	19072	
1040	5	11.62	19076	21109	
1041	4	7.72	21118	21122	
1042	2	6.06	21122	21127	
1043	2	6.21	21115	21118	
1044	4	11.33	19080	46857	
1045	3	8.69	46857	19085	
1046	3	46.2	21130	21139	
1047	3	30.08	21139	21130	
1048	2	13.12	46853	21130	
1049	2	12.54	21130	21145	
1050	3	6.24	21135	21139	
1051	4	6.6	21139	21145	
1052	3	8.59	44852	21156	
1053	1	16.05	21161	44869	
1054	3	10.03	45306	21166	
1055	3	36.98	45319	21171	
1056	3	19.38	21171	45319	
1057	4	10.5	45319	21171	
1058	3	10.5	45518	21182	
1136	1	17.83	-1	44279	
1167	1	46.81	42352	-1	
1208	1	23.76	-1	43717	
1217	1	36.3	42414	-1	
1236	1	92.79	-1	21522	
1237	2	15.28	21522	21047	
1238	4	44.76	21092	-1	
1258	1	113.52	21560	21563	
1259	2	56.94	21560	46163	
1260	3	62.64	46198	21563	
1297	1	43.42	41970	-1	
1298	1	13.75	41977	-1	
1323	1	158.51	44905	44693	
1324	1	158.85	44693	44905	
1325	1	158.85	46624	44693	
1326	1	158.51	44693	46624	
1327	1	158.85	46641	46624	
1328	1	158.51	46624	46641	
1329	1	150.53	-1	46641	
1330	1	150.27	46641	-1	
1353	1	51.34	-1	43706	
1373	1	97.17	-1	42906	
1499	1	131.9	42458	-1	
1500	1	154.65	42461	-1	
1513	1	107.95	-1	42450	
1557	1	110.99	42341	-1	
1706	1	32.26	43781	-1	
1707	1	108.52	-1	43774	
1751	2	25.13	23050	18745	
1764	3	68.91	-1	23063	
1766	3	63.74	23060	-1	
1787	3	59.33	23046	19373	
1788	3	61.15	19373	23046	
1813	3	15.48	19334	21153	
1814	3	22.43	18752	23053	
1815	2	30.88	20520	19315	
1970	3	14.25	18728	18703	
1971	4	26.63	18712	23060	
1972	4	13.94	23050	23053	
1973	4	28.71	21199	23043	
1974	4	10.69	21153	21199	
1975	4	17.64	20520	21153	
1976	2	137.98	19341	23043	
1977	2	138.48	21199	19336	
1978	4	14.87	23060	23063	
1987	4	35.75	23584	23593	
1989	4	112.15	23577	23584	
1990	4	33.76	23593	23598	
1992	4	18.45	23598	23605	
1993	4	77.14	23605	20612	
2012	2	36.76	20633	23611	
2013	2	124.78	23611	23614	
2014	2	89.21	23614	21115	
2021	3	101.06	23621	21122	
2023	3	103.52	21122	23621	
2024	2	155.91	26228	20640	
2034	2	89.73	21127	23630	
2035	1	35.81	23569	-1	
2038	1	94.67	-1	23598	
2041	4	21.01	23399	23542	
2042	3	94.71	23542	23549	
2043	3	50.55	23549	23556	
2044	3	104.48	23448	23559	
2078	2	45.6	-1	23350	
2106	1	110.74	23556	-1	
2135	3	47.81	23556	23448	
2136	3	101.25	23559	26410	
2137	2	109.22	25032	-1	
2144	2	34.99	-1	23357	
2145	2	21.63	23357	23392	
2146	4	82.81	23392	23350	
2148	4	109.37	23569	23577	
2171	1	27.88	-1	23577	
2176	1	91.27	23593	-1	
2177	1	99.16	23605	-1	
2196	1	141.71	23611	-1	
2211	1	89.07	23614	-1	
2326	2	91.82	-1	23584	
2487	2	8.02	20633	25181	
2513	2	110.58	23392	23399	
2515	3	108.1	23542	23357	
2525	2	105.49	23549	-1	
2532	2	44.08	-1	23448	
2534	2	40.67	23559	-1	
2560	2	52.67	21115	-1	
2561	4	47.05	-1	21118	
2645	2	100.31	-1	23505	
2646	2	104.84	23505	25032	
2647	2	105.87	25032	26410	
2696	4	37.85	23598	19080	
2716	4	92.77	44679	23399	
2747	2	153.37	25181	-1	
2748	3	8.23	26228	23621	
2749	3	8.93	23621	23614	
3121	2	10.8	23630	26228	
3122	3	135.6	20620	46857	
3123	3	128.76	46857	20612	
3124	2	121.23	19080	20612	
3125	5	18.13	20620	20612	
3126	3	23.69	20620	20633	
3127	3	16.96	20612	20633	
3128	3	17.45	20612	20633	
3136	2	55.87	21042	21127	
3141	2	69.6	21118	19076	
3144	3	61.92	21122	21109	
3171	3	73.99	26410	19139	
3191	4	14.95	23584	23584	
3205	3	35.53	20633	20620	
6939	2	104.42	-1	19385	
6940	2	110.57	19378	-1	
6945	1	95.16	19399	-1	
6974	5	92.37	-1	19411	
7193	1	91.09	-1	19399	
7250	2	75.65	19642	-1	
7269	2	75.31	-1	19642	
7270	2	98.44	19399	-1	
7286	2	117.45	-1	19385	
7287	2	98.14	19378	-1	
7312	2	91.42	-1	19371	
7313	2	169.43	20513	-1	
7336	2	160.49	-1	18745	
7596	3	126.14	18745	-1	
7629	3	118.52	-1	18752	
7807	3	84.53	39776	46654	
7808	3	114.38	41888	41890	
8144	6	71.27	41937	40633	
8145	6	106.49	40636	46937	
8197	2	37.66	40951	44387	
8198	5	86.44	40948	40951	
8201	4	13	41113	21105	
8202	4	8.6	41125	21076	
8241	4	104.17	54815	54826	
8242	3	101.38	41623	54815	
8243	3	100.56	41628	41623	
8244	2	99.45	41633	41628	
8245	2	97.49	20349	41633	
8246	2	97.23	41643	20349	
8247	2	102.77	41653	41643	
8248	2	101.66	41666	41653	
8249	2	105.28	46601	41666	
8250	2	106.26	54806	41638	
8251	2	100	41638	54799	
8252	2	96.11	54799	41648	
8253	2	97.22	41648	41658	
8254	2	109.02	41658	19396	
8255	2	111.67	19354	19396	
8256	2	91.27	19364	19354	
8257	2	109.54	19359	19364	
8258	2	82.89	19385	19359	
8259	2	105.27	41618	41623	
8260	2	73.33	41623	54811	
8261	2	116.67	54806	41628	
8262	2	107.78	41633	41638	
8263	2	36.25	41638	54789	
8264	2	108.34	41643	46409	
8265	2	104.87	41648	41643	
8266	2	107.23	46414	41653	
8267	2	111.11	41653	41658	
8268	2	110.28	41666	46419	
8269	2	95	41691	-1	
8270	2	115	19396	41666	
8271	2	112.23	41671	54792	
8272	3	199.83	19420	19364	
8273	2	110.52	41674	41671	
8274	2	110.84	41671	19359	
8275	2	81.12	19359	19399	
8276	2	59.37	19349	20958	
8277	2	233.89	19354	41709	
8278	2	93.06	41683	46365	
8279	3	96.11	20958	41683	
8280	3	99.45	41686	41764	
8281	3	14.18	41683	19329	
8282	2	56.39	19329	41681	
8283	2	111.7	41686	19318	
8284	2	173.34	19315	41764	
8285	3	104.44	41701	41691	
8286	3	104.91	41709	41701	
8292	2	100.55	-1	41701	
8293	2	73.12	41709	-1	
8294	2	105.41	-1	41714	
8295	2	100.83	41714	19201	
8296	2	104.86	19201	19191	
8297	2	115.64	19191	41729	
8298	2	96.67	41729	41744	
8299	2	103.33	41744	41754	
8300	2	106.12	41754	19255	
8301	2	107.13	19255	41769	
8302	2	158.06	41769	19312	
8313	4	107.77	41714	-1	
8316	1	111.23	-1	41729	
8319	4	108.05	-1	41744	
8322	4	112.1	41754	-1	
8325	3	106.11	41764	41769	
8326	3	103.9	41769	-1	
8338	6	18.68	41892	41895	
8342	2	174.54	46668	41923	
8343	2	152.92	20752	41927	
8344	2	15.52	41923	20752	
8345	2	100.63	41945	46668	
8346	2	160.9	41927	41950	
8348	5	201.83	-1	41950	
8349	2	28.33	41947	41937	
8350	5	31.75	41950	41937	
8352	3	50.57	41961	54865	
8353	3	19.34	54865	41964	
8354	3	12.76	41967	54858	
8355	3	40.12	41970	41977	
8356	3	103.85	54849	41970	
8357	3	53.85	41977	54849	
8358	3	77.31	41979	54839	
8359	3	44.73	41982	41985	
8428	3	123.25	-1	42325	
8430	3	115.34	44123	-1	
8433	4	69.92	42325	42341	
8435	4	23.66	42341	42344	
8436	4	108.06	42344	42349	
8437	4	75.74	42349	42352	
8438	4	15.91	42352	42355	
8439	4	108.44	42355	42360	
8441	2	134.74	44125	42393	
8443	2	130.7	42393	42360	
8445	2	54.49	42414	44335	
8447	2	57.58	44335	42414	
8448	2	24.5	43728	43717	
8449	2	20.85	43717	43728	
8450	2	83.35	43717	43712	
8452	2	90.95	43712	43717	
8454	2	62.77	43712	43706	
8455	2	60.49	43706	43712	
8456	3	64.7	43706	42886	
8457	2	65.69	42886	43706	
8458	2	27.37	42886	42890	
8459	2	27.96	42893	42886	
8460	4	61.5	42896	42893	
8462	2	64.61	42890	42896	
8464	3	64.34	42896	42903	
8465	3	87.98	42903	42906	
8466	5	183.07	42906	42875	
8468	4	28.66	42875	42879	
8469	5	124.91	44067	42450	
8471	3	6.76	42450	44106	
8472	3	41.06	42458	42461	
8473	3	58.27	42461	42464	
8475	4	54.82	42464	43758	
8476	3	18.51	43758	43761	
8477	3	149.7	43761	43764	
8479	3	33.97	43764	43767	
8481	3	30.29	43767	43772	
8482	3	55.26	43772	43774	
8483	3	80.14	43774	43781	
8485	3	45.31	43781	43784	
8486	4	60.63	43784	42175	
8487	3	56.23	42175	-1	
8489	2	39.25	42175	44358	
8490	2	59.87	42167	44326	
8491	2	59.15	44326	42167	
8492	2	23.01	42167	44358	
8494	2	39.05	44093	42175	
8497	2	88.62	43795	42182	
8498	2	9.54	42182	44326	
8499	2	100.61	-1	43795	
8520	1	109.35	-1	42879	
8521	2	14.86	42875	44114	
8597	2	19.35	44279	43728	
8598	2	18.93	43728	44279	
8622	3	36.15	43706	46663	
8623	2	27.01	42360	39779	
8625	3	35.69	42325	41873	
8627	3	35.27	41875	42325	
8679	2	72.42	54811	43767	
8681	3	20.59	42886	39771	
8707	2	31.17	43774	54806	
8708	2	6.09	42450	44109	
8710	3	116.09	-1	43761	
8711	1	88.45	-1	43764	
8756	3	29.49	42893	39771	
8764	2	6.12	42450	44109	
8765	3	36.61	44106	42458	
8769	3	21.47	42879	44117	
8770	2	72.09	44114	-1	
8773	3	85.62	44117	39776	
8774	2	51.78	41886	42344	
8778	2	22.58	-1	42325	
8779	3	12.3	42325	44123	
8780	2	39.34	42349	39783	
8781	2	59.9	39781	42355	
8782	2	11.17	42360	44125	
8784	3	16.99	44128	43717	
8785	2	10.82	43728	44128	
8805	2	36.37	46663	43712	
8810	2	24.01	44358	42167	
8878	2	23.07	44335	44279	
8880	2	22.96	44279	44335	
8888	2	32.21	44326	44355	
8889	2	94.15	41663	44326	
8900	3	106.28	-1	42167	
8906	3	65.73	43795	-1	
8907	2	64.2	44355	41648	
8946	2	73.38	-1	42325	
9019	1	25.03	42393	-1	
9026	2	53.4	-1	43717	
9029	1	40.02	43706	-1	
9035	1	40.81	-1	42360	
9050	5	22.22	42879	44067	
9054	1	32.84	42890	-1	
9055	1	63.94	42903	-1	
9059	5	31.34	39774	42896	
9071	1	28.56	42896	46745	
9072	3	27.66	46745	42896	
9073	1	171.56	42906	39776	
9284	2	32.27	42393	42414	
9285	2	26.79	42414	42393	
9288	2	101.49	44387	44392	
9289	3	109.73	44399	41125	
9290	2	105.31	44409	46460	
9291	3	69.05	44426	44416	
9292	2	106.61	44457	44440	
9293	4	104.59	46463	44447	
9294	4	105.85	44473	44480	
9296	4	103.38	44487	44494	
9297	3	108.08	44494	44501	
9298	3	113.62	44501	46673	
9299	2	106.01	44506	46484	
9300	3	105.32	44515	44510	
9301	3	106.49	44522	44515	
9302	3	108.28	44529	44522	
9303	3	106.46	44536	44529	
9304	2	107.33	44543	44536	
9305	2	110.17	44548	44543	
9306	2	141.72	44555	44548	
9307	1	241.37	46668	44563	
9308	2	105.33	44563	44570	
9309	2	115.82	44570	44577	
9310	2	108.45	44577	44582	
9311	2	110.42	44582	44589	
9312	2	109.25	44589	44592	
9313	2	108.23	44592	44599	
9314	2	89.86	44604	44609	
9315	2	111.15	44609	44616	
9316	2	103.45	44616	44623	
9317	2	105.53	44623	44628	
9318	3	144.43	44628	44635	
9319	3	159.98	44635	46863	
9320	3	119.49	44647	44658	
9321	2	38.76	44658	46853	
9322	4	98.29	21145	44665	
9323	4	108.67	44665	44672	
9324	4	111.17	44672	44679	
9325	3	46.54	19139	44686	
9326	3	105.5	44686	44693	
9327	3	108.52	44693	46281	
9328	3	51.71	44738	41947	
9329	2	114.73	44743	44738	
9330	2	110.42	44746	44743	
9331	2	109.19	44753	44746	
9332	2	107.26	44758	44753	
9333	2	105.31	44765	44758	
9334	2	104.48	44772	44765	
9335	2	103.6	44779	44772	
9336	3	109.14	44786	44779	
9337	3	110.71	44793	44786	
9338	3	100.84	44800	44793	
9339	3	109.2	44807	44800	
9340	4	106.62	44814	44807	
9341	4	107.97	44821	44814	
9342	2	148.61	44828	44821	
9343	2	152.78	20938	44828	
9344	3	127.16	44838	46870	
9345	2	110.63	44845	44838	
9346	1	102.12	44858	44845	
9347	1	103.43	44862	21027	
9348	1	91.01	44869	44862	
9349	1	86.56	44877	21161	
9350	1	103.06	44884	44877	
9351	1	108.03	44891	44884	
9352	1	105.12	44898	44891	
9353	1	121.44	44905	44898	
9354	1	104.64	44916	44905	
9355	1	103.54	46288	44916	
9356	3	108.87	44923	45066	
9358	3	108.69	44930	44923	
9359	3	108.37	44937	44930	
9360	3	107.79	44979	44937	
9361	4	106.35	44986	44979	
9362	4	104.25	44944	44986	
9364	4	108.28	44951	44944	
9365	4	106.99	44958	44951	
9366	4	107.35	44965	44958	
9367	4	105.84	44972	44965	
9368	4	150.08	44993	44972	
9369	4	146.21	20926	44993	
9370	4	128.1	45003	46877	
9371	4	105.5	45010	45003	
9372	4	101.6	45017	45010	
9374	4	106.55	45024	45017	
9375	4	107.88	45257	45024	
9376	4	38.42	20998	45257	
9377	4	91.38	45264	20988	
9378	4	107.89	45271	45264	
9379	4	111.51	45278	45271	
9380	4	106.9	45285	45278	
9381	4	124.38	45292	45285	
9382	4	99.67	45299	45292	
9383	4	102.68	46302	45299	
9384	2	102.82	46925	45124	
9385	2	118.35	45124	45131	
9386	2	115.12	45131	45138	
9387	2	116.18	45138	45145	
9388	2	115.58	45145	45152	
9389	2	102.37	45152	45095	
9390	3	105.51	46905	45117	
9391	3	106.68	45117	45159	
9392	4	108.48	45159	45166	
9393	4	110.53	45166	45173	
9395	4	108.5	45173	45180	
9396	4	108.24	45180	45187	
9397	4	108.13	45187	45194	
9398	4	155.56	45194	45201	
9399	4	132.57	45201	46884	
9401	4	134.71	20907	45213	
9402	4	108.38	45213	45220	
9403	4	109.41	45220	45227	
9404	4	107.35	45227	45234	
9405	4	107.72	45234	45241	
9407	4	102	45241	45248	
9408	4	104.9	45248	45312	
9409	4	31.03	45312	46918	
9410	4	108.41	21171	45324	
9411	4	108.22	45324	46330	
9412	5	107.18	45361	46931	
9413	4	114.89	45364	45361	
9414	4	112.45	45370	45364	
9416	4	112.64	45377	45370	
9417	4	113.13	45384	45377	
9418	4	113.21	45391	45384	
9419	4	108.75	45398	45391	
9420	4	112.59	45405	45398	
9421	4	106.06	45345	45405	
9422	7	105.86	45412	45352	
9424	6	109.82	45419	45412	
9425	7	58.14	45434	45419	
9426	6	62.92	45443	45429	
9427	6	155.03	45450	45443	
9429	6	127.63	20901	45450	
9430	6	138.52	45460	20891	
9431	6	104.28	45467	45460	
9432	6	106.09	45474	45467	
9433	6	106.87	45481	45474	
9434	6	98.84	45488	45481	
9436	6	92.52	45495	45488	
9437	6	100.15	45504	45495	
9438	6	108.56	45511	45504	
9440	6	108.1	45524	45511	
9441	6	47.15	46961	45524	
9442	2	106	45531	45534	
9443	2	109.05	45534	45541	
9444	2	107.1	45541	45548	
9445	2	106.38	45548	45555	
9446	2	107.92	45555	45562	
9447	2	106.29	45562	45569	
9448	3	112.35	45569	45576	
9449	3	105.64	45576	45583	
9450	3	102.54	45583	45589	
9451	3	104.4	45589	45596	
9452	3	104.61	45596	45603	
9453	3	107.84	45603	45608	
9454	3	158.52	45608	45615	
9455	3	121.69	45615	46891	
9456	3	137.05	45625	45639	
9457	3	110.2	45639	45646	
9458	3	109.77	45646	45653	
9459	3	110.22	45653	45660	
9460	3	108.64	45660	45667	
9461	3	100.22	45667	45674	
9462	2	99.05	45674	45683	
9463	2	102.5	45683	45690	
9464	3	106.71	45690	45697	
9465	3	100.34	45697	46351	
9466	3	103.23	45704	46937	
9467	3	110.34	45707	45704	
9468	2	113.37	45714	45707	
9469	2	112.53	45721	45714	
9470	2	111.98	45728	45721	
9471	2	101.27	45735	45728	
9472	2	116.23	45742	45735	
9473	2	111.53	45749	45742	
9474	2	111.87	45756	45749	
9475	2	110.22	45763	45756	
9476	2	113.28	45770	45763	
9477	2	109.28	45777	45770	
9478	2	111.66	45784	45777	
9479	2	113.17	45787	45784	
9480	2	152.91	45794	45787	
9481	2	115.11	45804	45794	
9482	2	144.21	45817	46898	
9483	2	107.4	45824	45817	
9484	2	110.08	45831	45824	
9485	2	105.02	45839	45831	
9486	2	107.13	45846	45839	
9487	2	100.29	45954	45846	
9488	2	108.69	45853	45954	
9489	2	109.08	45860	45853	
9490	2	111.43	45867	45860	
9491	2	109.01	46358	45867	
9492	3	122.68	41890	45874	
9493	5	115.19	45874	45884	
9494	5	115.12	45884	45891	
9496	5	112.99	45891	45899	
9497	5	113.46	45899	45906	
9499	5	110.22	45906	45913	
9501	5	116	45913	45920	
9502	5	111.55	45920	45926	
9503	5	109.5	45926	45934	
9504	5	114.15	45934	45940	
9505	5	118.13	45940	45947	
9506	5	107.12	45947	46498	
9507	5	111.58	46205	45963	
9509	5	110.75	45963	45970	
9510	5	116.75	45970	45979	
9511	5	115	45979	45986	
9513	4	79.22	45986	20658	
9514	4	82.22	46191	45996	
9515	5	113.78	45996	46008	
9516	5	110.28	46008	46018	
9518	5	115.03	46018	46370	
9519	3	102.51	46031	54885	
9520	3	108.62	46038	46031	
9521	3	111.78	46045	46038	
9522	3	112.87	46052	46045	
9523	3	105.79	46059	46052	
9524	3	105.22	46066	46059	
9526	3	109.97	46073	46066	
9527	3	107.45	46080	46073	
9528	3	104.7	46087	46080	
9530	3	109.6	46663	46087	
9531	2	97.2	54773	46136	
9532	2	103.72	46129	46122	
9533	2	109.09	46122	46115	
9534	3	107.02	46115	46108	
9535	3	106.19	46108	46101	
9536	3	101.06	46101	46094	
9537	2	108.6	54874	46143	
9538	2	110.19	46143	46150	
9539	2	103.86	46156	46150	
9540	2	108.36	46163	46156	
9541	1	106.66	46198	46163	
9542	2	102.91	46184	54865	
9543	2	106.7	46177	46184	
9544	2	108.53	46170	46177	
9545	2	62.83	39779	46170	
9546	2	104.26	44738	46668	
9547	4	38.93	45031	44738	
9548	1	176.37	45124	45031	
9549	1	111.9	45361	45124	
9550	3	95.16	45874	45704	
9551	2	97.72	45874	54885	
9552	4	109.31	44563	46491	
9553	4	109.5	44746	44563	
9555	4	109.82	45053	44746	
9556	4	98.22	45138	45053	
9557	4	109.81	45370	45138	
9558	4	114.42	45534	45370	
9559	4	110.23	45714	45534	
9560	4	105.93	19097	45714	
9561	4	106.39	46038	46685	
9563	4	109.51	46136	46038	
9564	4	105.82	54874	46136	
9565	2	73.58	44743	45041	
9566	2	137.54	45041	45131	
9567	2	110.01	45131	45364	
9568	2	114.28	45364	45531	
9569	2	102.85	45531	45707	
9570	3	105.7	45707	46678	
9571	4	104.91	19090	46031	
9572	3	100.64	46031	54773	
9573	2	105.77	46477	44570	
9574	2	104.76	44570	44753	
9575	2	113.23	44753	45066	
9576	2	14.54	45066	45073	
9577	2	60.67	45073	45145	
9578	2	113.09	45145	45377	
9579	2	108.85	45377	45541	
9580	2	110.42	45541	45721	
9581	2	110.19	45721	46692	
9582	2	103.63	19104	46045	
9583	2	113.64	46045	46129	
9584	2	113.2	46129	46143	
9585	2	101.47	46143	54865	
9586	2	101.89	44577	46484	
9587	2	103.43	44758	44577	
9588	2	111.95	44923	44758	
9589	3	47.74	45084	44923	
9590	3	27.65	45152	45084	
9591	3	104.69	45384	45152	
9592	2	109.06	45548	45384	
9593	2	104.55	45728	45548	
9594	2	106.96	19111	45728	
9595	2	103.57	46052	46699	
9596	2	111.91	46122	46052	
9597	2	110.94	46150	46122	
9598	2	105.13	46184	46150	
9599	2	111.14	54858	46184	
9600	2	105.07	44409	44447	
9601	3	105.22	44447	44506	
9602	3	110.62	44506	44582	
9603	3	106.12	44582	44765	
9604	3	104.89	44765	44930	
9605	3	82.3	44930	45095	
9606	3	111.24	45095	45391	
9607	3	113.46	45391	45555	
9608	3	107.13	45555	45735	
9609	3	107.78	45735	46705	
9610	3	107.3	19118	46059	
9611	3	109.04	46059	46115	
9612	3	109.43	46115	46156	
9613	3	107.77	46156	46177	
9614	3	108.66	46177	46211	
9615	2	62.44	44387	40948	
9616	2	115.83	44423	44454	
9617	2	107.31	44772	44589	
9618	1	103.94	44937	44772	
9619	1	113.83	46905	44937	
9620	1	110.25	45398	45562	
9621	2	111.8	45562	45742	
9622	2	107.58	45742	46712	
9623	2	107.56	19125	46066	
9624	2	105.03	46066	46108	
9625	2	38.25	46108	21560	
9626	2	108.37	46163	46170	
9627	4	106.31	44392	44426	
9628	4	104.02	44426	44464	
9629	5	114.56	44510	44464	
9630	5	113.77	44592	44510	
9632	5	109.61	44779	44592	
9633	5	108.96	44979	44779	
9634	5	101.98	45117	44979	
9635	5	42.38	45331	45117	
9636	4	55.15	45405	45331	
9637	4	108.9	45569	45405	
9638	4	107.27	45749	45569	
9640	4	107.01	19132	45749	
9641	3	107.92	46073	46719	
9642	3	106.44	46101	46073	
9644	3	36.94	21563	46101	
9645	2	64.34	41133	44399	
9646	3	111.68	44399	44433	
9647	3	112.26	44433	44473	
9648	3	103.67	44473	44515	
9649	3	114.89	44515	44599	
9650	3	113.23	44599	44786	
9651	3	107.86	44786	44986	
9652	3	106.33	44986	45159	
9653	3	75.54	45159	45338	
9654	3	16.04	45338	45345	
9655	3	113.27	45345	45576	
9656	3	105.64	45576	45756	
9657	3	107.92	45756	46725	
9658	3	108.77	19596	46080	
9659	2	106.71	46080	46094	
9660	4	113.3	44440	41125	
9661	3	107.2	44480	44440	
9662	3	107.72	44522	44480	
9663	2	125.44	44604	44522	
9664	2	115.29	44793	44604	
9665	3	108.13	44944	44793	
9666	3	104.47	45166	44944	
9667	3	106.03	45352	45166	
9668	3	105.26	45583	45352	
9669	3	107.76	45763	45583	
9670	3	113.68	19603	45763	
9671	3	104.17	46087	46732	
9672	4	69.54	21051	44457	
9673	4	109.57	44457	44487	
9674	4	104.95	44487	44529	
9675	4	106.43	44529	44609	
9676	4	106.46	44609	44800	
9678	4	103.22	44800	44951	
9679	4	103.03	44951	45173	
9681	4	98.4	45173	45412	
9682	4	97.24	45412	45589	
9683	4	111.19	45589	45770	
9685	4	112.23	45770	46738	
9686	3	102.3	20527	46663	
9687	4	109.44	44494	41113	
9688	4	112.9	44536	44494	
9689	4	112.48	44616	44536	
9690	4	116.16	44807	44616	
9691	4	108.67	44958	44807	
9692	4	102.82	45180	44958	
9693	4	100.8	45419	45180	
9694	4	105.74	45596	45419	
9695	4	117.69	45777	45596	
9697	4	113.49	20813	45777	
9698	1	111.76	44501	44543	
9699	1	115.54	44543	44623	
9700	1	112.81	44623	44814	
9701	1	109.63	44814	44965	
9702	1	111.59	44965	45187	
9703	1	44.44	45187	45426	
9704	1	50.56	45440	45603	
9705	1	113.99	45603	45784	
9706	5	108.88	46673	44548	
9707	5	109.63	44548	44628	
9708	5	103.22	44628	44821	
9710	5	98.46	44821	44972	
9711	5	102.93	44972	45194	
9712	5	102.19	45194	45443	
9713	5	99.18	45443	45608	
9714	5	102.84	45608	45787	
9715	5	107.73	45787	46751	
9717	2	121.64	44555	44635	
9718	2	120.7	44635	44555	
9719	1	111.98	44635	44828	
9720	1	112.35	44828	44635	
9721	1	113.83	44828	44993	
9722	2	114.07	44993	44828	
9723	2	112.9	44993	45201	
9724	2	113.71	45201	44993	
9725	1	108.94	45201	45450	
9726	1	108.09	45450	45201	
9727	2	104.09	45450	45615	
9728	2	102.08	45615	45450	
9729	1	109.11	45615	45794	
9730	1	110.23	45794	45615	
9731	1	108.43	45794	20848	
9732	2	110.17	20836	45794	
9733	3	17.62	19085	44658	
9734	4	106.46	44658	44838	
9735	4	108.36	44838	45003	
9737	4	111.71	45003	45213	
9738	4	100.12	45213	45460	
9740	4	102.26	45460	45639	
9741	4	100.85	45639	45817	
9743	4	108.98	45817	46758	
9744	4	94.14	54784	20663	
9746	4	112.53	20948	45824	
9747	4	98.47	45824	45646	
9748	4	102.54	45646	45467	
9749	4	101.75	45467	45220	
9750	4	106.54	45220	45010	
9751	4	108.17	45010	44845	
9753	4	69.81	44845	21135	
9754	3	45.28	44665	46846	
9755	3	9.09	21156	44858	
9756	3	112.82	44858	45017	
9757	2	101.21	45017	45227	
9758	2	108.74	45227	45474	
9759	2	102.75	45474	45653	
9760	2	98.08	45653	45831	
9761	2	116.14	45831	46765	
9762	2	97.65	45970	41618	
9763	2	101.03	46395	46772	
9764	2	113.86	20953	45839	
9765	2	101.34	45839	45660	
9766	2	107.53	45660	45481	
9767	2	104.74	45481	45234	
9768	2	103.37	45234	45024	
9769	2	67.34	45024	46839	
9770	2	106.21	21027	44672	
9771	2	117.21	44679	44862	
9772	2	45.71	44862	46832	
9773	2	13.65	21022	45257	
9774	2	100.25	45257	45241	
9775	3	101.71	45241	45488	
9776	2	110.87	45667	45846	
9777	2	107.02	45846	46778	
9778	2	108.87	45986	46402	
9779	3	108.8	44869	20998	
9780	2	111.92	20988	21161	
9781	3	76.5	21009	45248	
9782	3	61.96	45248	20981	
9783	3	103.2	45248	45495	
9785	3	100.08	45495	45248	
9786	3	98.49	45495	45674	
9787	3	98.14	45674	45495	
9788	3	101.94	45674	45954	
9789	3	101.82	45954	45674	
9791	3	97.24	45954	20652	
9792	3	104.42	46785	45954	
9793	4	103.65	20658	46431	
9794	3	95.36	46431	46191	
9795	2	106.95	45264	44877	
9796	2	41.82	21166	45264	
9797	3	12.62	45312	46825	
9798	2	103.95	45504	45312	
9799	2	103.5	45683	45504	
9800	2	101.33	45853	45683	
9801	2	110.03	45996	45853	
9802	2	99.5	46409	45996	
9803	2	94.31	46008	46414	
9804	2	100.61	45860	46794	
9805	2	102.56	45690	45860	
9806	2	105.26	45511	45690	
9807	2	71.36	46911	45511	
9808	3	112.65	45271	21171	
9809	2	108.97	44884	45271	
9810	2	107.87	45278	44891	
9811	2	109.48	45324	45278	
9812	2	41.19	21182	45324	
9813	3	11.34	45524	46820	
9814	2	103.87	45697	45524	
9815	2	106.88	45867	45697	
9816	2	110.56	46018	45867	
9817	2	95.48	46419	46801	
9818	2	100.59	44898	45285	
9819	3	112.71	45285	46330	
9820	2	108.91	46337	45292	
9821	3	109.18	45292	44905	
9822	2	112.09	44905	44686	
9823	2	117.07	44686	44717	
9824	2	114.74	44717	44710	
9825	2	111.56	44710	-1	
9826	3	105.96	44710	44724	
9827	3	107.69	44724	46260	
9828	3	107.41	-1	44724	
9829	3	107.05	44724	44731	
9830	3	115.44	44731	44693	
9831	3	107.78	44693	44916	
9832	3	106.61	44916	45299	
9834	3	108.67	45299	46344	
9835	2	110.37	44731	44717	
9836	2	106.74	46624	44731	
9837	4	117.69	45338	45331	
9838	4	118.77	45331	45109	
9839	3	119.09	45109	45095	
9840	3	116.63	45095	45084	
9841	3	120.87	45084	45073	
9843	5	123.16	45041	45031	
9844	4	99.75	45031	41937	
9845	3	106.94	41937	45031	
9846	2	123.18	45031	45041	
9847	2	122.46	45041	45053	
9848	2	120.46	45053	45073	
9849	2	124.44	45073	45084	
9850	2	105.71	45084	45095	
9851	3	116.59	45095	45109	
9852	3	93.15	21130	46857	
9853	5	132.49	44464	44416	
9854	4	59.6	45518	46961	
9855	3	106.37	46947	45518	
9856	3	73.41	46857	21130	
9857	3	126.51	21171	45518	
9859	3	136.99	21015	21036	
9861	3	138.12	44852	21036	
9862	3	130.36	44852	21139	
9863	5	37.02	44416	40948	
9864	6	102.86	45429	45434	
9865	3	107.9	44392	44399	
9866	2	104.71	44423	44409	
9867	3	22.73	44416	44423	
9868	2	108.27	44433	44426	
9869	2	105.72	44440	44433	
9870	2	114.82	41113	44457	
9871	4	107.43	44447	44454	
9873	4	90.96	44454	44464	
9874	4	104.44	44464	44473	
9875	3	134.88	21036	21015	
9877	3	139.9	21036	44852	
9878	3	75.15	45306	45319	
9879	3	125.07	45518	21171	
9880	3	65.11	21015	20998	
9881	3	91.29	45319	45306	
9882	2	113.41	46678	45874	
9883	2	117.63	19097	46678	
9884	2	119.87	46692	19097	
9885	2	112.96	19111	46692	
9886	2	110.28	46705	19111	
9887	2	115.81	46712	46705	
9888	2	110.96	19132	46712	
9889	2	111.96	46725	19132	
9890	2	114.2	19603	46725	
9891	2	116.87	46738	19603	
9892	2	113.32	20813	46738	
9893	2	111.41	20948	46758	
9894	2	112.98	46765	20948	
9895	2	116.47	20953	46765	
9896	2	118.05	46778	20953	
9897	2	88.13	20652	46778	
9898	2	83.43	45996	46785	
9899	2	113.53	46794	45996	
9900	2	112.21	46018	46794	
9901	2	118.39	46808	46018	
9902	4	106.51	44480	44487	
9903	2	114.26	20919	20912	
9904	2	104.43	45804	20862	
9905	4	113.99	20912	20919	
9906	2	112.69	44647	20931	
9907	4	111.98	20931	44647	
9909	4	114.43	20919	20931	
9910	2	114.67	20931	20919	
9911	4	111.29	20896	20912	
9912	2	111.39	20912	20896	
9913	2	107.53	20896	45625	
9914	4	106.73	45625	20896	
9915	4	105.47	20842	45804	
9916	2	112.46	45625	45804	
9917	4	111.23	45804	45625	
9919	3	132.67	21139	44852	
9920	3	114.02	45306	20988	
9921	3	113.28	20981	45306	
9922	3	92.95	20998	21015	
9923	3	116.48	45073	45053	
9924	3	65.52	45066	46944	
9925	4	28.44	45352	44406	
9926	4	75.27	44406	45345	
9927	4	79.12	44406	45338	
9928	1	73.17	45429	45426	
9929	1	73.49	45426	45434	
9930	1	67.83	45440	45434	
9931	1	65.37	45429	45440	
9932	1	81.92	45109	45398	
9933	4	34.86	45352	44406	
9934	3	105.05	46211	54849	
9935	4	24.84	39771	20820	
9936	6	107.26	46498	46660	
9937	5	121.97	46660	46453	
9939	5	135.03	20876	46205	
9940	2	151.09	46758	20842	
9941	5	106.28	20943	41613	
9942	2	106.56	41628	46395	
9943	2	107.64	46402	41633	
9944	2	111.7	54858	46211	
9945	2	93.77	46211	55304	
9946	2	116.4	46751	20826	
9947	2	108.51	20826	20813	
9948	2	107.77	20862	20836	
9949	2	153.21	20848	46751	
9950	5	143.27	46453	20848	
9951	5	60.8	20829	46446	
9952	5	181.94	46654	46446	
9954	5	81.42	46446	39774	
9955	3	105.31	20856	20869	
9956	2	110.97	41618	46395	
9957	2	104.21	46395	46402	
9958	2	109.91	46402	46431	
9959	3	104.28	20349	46431	
9960	4	104.59	46431	20349	
9962	2	92.35	46431	46409	
9963	2	93.42	46409	46414	
9964	2	100.61	46414	46419	
9965	2	106.58	46419	46424	
9966	2	100.46	46424	46592	
9967	2	100.78	54792	46601	
9968	2	96.9	46370	46424	
9969	2	97.58	46424	46601	
9970	4	109.28	46358	46808	
9971	6	98.46	46370	46572	
9972	2	102.03	46572	46808	
9973	2	100.6	46563	46358	
9974	4	106.5	46351	46358	
9976	4	76.53	46966	46351	
9977	3	94.9	46351	46552	
9978	4	111.07	46330	46947	
9979	4	118.95	46330	46337	
9980	4	105.07	46337	46344	
9981	4	103.42	46344	46316	
9982	4	109.16	46316	46323	
9983	3	109.88	46260	46641	
9984	3	103.03	46641	46253	
9985	2	108.3	46246	46267	
9986	2	109.24	46267	46624	
9987	3	108.22	46281	46274	
9988	3	105.39	46274	46239	
9989	1	104.54	46232	46295	
9990	1	105.12	46295	46288	
9991	4	110.97	46309	46302	
9992	2	107.95	46302	46288	
9993	2	116.32	46288	46281	
9995	2	114.61	46281	46624	
9996	2	112.11	46624	46260	
9997	2	109.8	46260	-1	
9998	2	110.15	-1	46641	
9999	2	103.11	46253	-1	
10000	3	104.95	46253	41714	
10001	2	105.03	19201	46246	
10002	2	111.43	46641	46267	
10003	2	110.2	46246	46253	
10004	2	116.38	46267	46274	
10005	2	115.76	46239	46246	
10006	3	111.92	46239	19191	
10007	2	114.58	46274	46295	
10008	2	117.54	46232	46239	
10009	1	102.37	41729	46232	
10010	2	111.94	46295	46309	
10011	2	106.17	46225	46232	
10012	4	107.16	46225	46309	
10013	4	107.12	41744	46225	
10014	2	110.49	46316	46302	
10015	2	115.79	46309	46323	
10016	2	107.82	46218	46225	
10017	4	106.65	46323	46218	
10018	4	110.62	46218	41754	
10019	3	102.7	46344	46525	
10020	3	107.09	46518	46316	
10021	2	106.51	46323	46512	
10022	2	104.85	46505	46218	
10023	2	102.66	41764	46505	
10024	2	18.93	46512	19252	
10025	4	44.45	46390	19247	
10026	4	43.6	19247	46518	
10027	3	83.75	46525	46607	
10028	4	45.17	19324	46390	
10029	3	77.21	20972	46365	
10030	2	121.21	46365	46563	
10031	1	121.39	46813	46572	
10032	3	112.12	46572	46377	
10033	3	97	46377	20958	
10034	1	99.95	20958	46813	
10035	2	108.49	46601	19354	
10036	3	57.34	46552	46611	
10037	3	102.48	20642	46390	
10038	2	106.94	46532	46337	
10039	2	99.74	46484	46463	
10040	2	105.64	46463	46460	
10041	4	102.43	46470	46463	
10042	2	102.58	46470	46477	
10043	2	110.81	46484	46477	
10044	2	107.39	46477	46491	
10045	4	41.05	46491	40954	
10046	2	97.13	46491	41923	
10047	4	108.79	46365	46813	
10048	2	104.69	46377	41674	
10049	3	99.18	46390	41686	
10050	4	106.64	46441	20876	
10051	2	172.65	20869	54763	
10052	2	131.32	46654	20856	
10053	2	129.43	20848	46654	
10054	4	42.94	54763	46441	
10055	5	113.97	46532	46947	
10056	5	107.74	46525	46532	
10057	5	103.33	46518	46525	
10059	5	109.1	46512	46518	
10060	5	107.25	46505	46512	
10061	5	107.75	19255	46505	
10062	4	51.86	46539	46532	
10063	7	86.3	46539	20977	
10065	4	121.55	46966	46539	
10066	4	105.02	46592	20648	
10068	4	102.41	46572	46563	
10069	5	109.35	46563	46552	
10071	5	25.05	46552	46539	
10072	5	72.21	46611	46539	
10073	3	55.44	46539	46611	
10074	2	74.23	19252	41686	
10075	2	112.87	19247	19252	
10076	2	109.8	46607	19247	
10077	2	32.24	46607	46611	
10078	3	22.66	46607	20642	
10079	3	120.62	19324	20642	
10080	2	118.05	20972	19329	
10081	2	124.73	45053	45041	
10082	3	121.07	45053	45041	
10083	2	125.28	45095	46905	
10084	1	95.28	45874	69623	
10085	1	119.03	19090	46685	
10086	1	117.48	46685	19104	
10087	1	115.58	19104	46699	
10088	1	113.12	46699	19118	
10089	1	112.23	19118	19125	
10090	1	115.17	19125	46719	
10091	1	110.72	46719	19596	
10092	1	115.69	19596	46732	
10094	1	117.1	46732	20527	
10095	2	114.34	20527	20820	
10096	3	100.34	20820	46745	
10097	2	130.19	46745	20829	
10098	2	12.25	46678	45884	
10099	4	12.17	46685	45891	
10100	2	10.48	46692	45899	
10101	3	13.21	46699	45906	
10102	3	9.31	46705	45913	
10103	3	9.85	46712	45920	
10104	4	12.1	46719	45926	
10105	3	10.05	46725	45934	
10106	3	10.48	46732	45940	
10107	4	11.63	46738	45947	
10108	2	150.32	20829	20848	
10109	4	12.25	46751	46453	
10110	2	104.93	20836	20862	
10111	2	146.43	20876	20943	
10112	2	113.52	20943	20663	
10113	4	10.87	46758	46205	
10114	2	109	20663	45970	
10115	2	121.98	45970	46772	
10116	2	12.58	46765	45970	
10117	2	114.62	46772	45986	
10118	2	9.63	46772	45979	
10119	2	6.01	46778	45986	
10120	4	34.61	46191	46785	
10121	4	32.76	20652	20658	
10122	2	114.19	45996	46008	
10123	2	106.19	46008	46801	
10124	4	11.05	46794	46008	
10125	1	108.44	46801	46370	
10126	2	9.6	46801	46018	
10127	1	106.72	46370	20648	
10128	4	13.05	46808	46370	
10129	3	111.48	46377	46572	
10130	3	98	20958	46377	
10131	4	12.27	46813	46377	
10132	2	126.67	46947	21182	
10133	2	122.3	21182	21171	
10134	2	127.96	21171	21166	
10135	2	35.06	46825	46918	
10136	3	10.56	46820	45518	
10137	2	128.4	46911	46820	
10138	2	103.82	21166	20988	
10139	2	124.37	20981	46825	
10140	3	12.88	46825	45306	
10141	2	42.26	21022	20998	
10142	2	101.78	20998	46832	
10143	2	125.3	46832	21027	
10144	2	134.7	46839	21022	
10145	2	8.42	46832	21015	
10146	2	134.13	21027	46846	
10147	2	135.86	21156	46839	
10148	3	7.34	46839	21036	
10149	2	119.51	46846	21145	
10150	2	123.29	21135	21156	
10151	3	10.01	46846	44852	
10152	2	121.67	21145	19080	
10153	2	74.43	46853	21135	
10154	2	37.31	19085	46853	
10155	3	100.7	45488	45667	
10156	4	8.53	46863	44647	
10157	1	116.03	46863	20938	
10158	1	108.67	46870	44647	
10159	1	114.1	20938	20926	
10160	1	111.85	46877	46870	
10161	3	6.22	46870	20931	
10162	1	114.1	20926	46884	
10163	4	6.08	46877	20919	
10164	1	111.23	20907	46877	
10165	4	8.75	46884	20912	
10166	2	59.06	46884	20887	
10167	1	106.01	20891	20907	
10168	6	6.11	20891	20896	
10169	1	109.93	20901	46891	
10170	2	74.03	45625	20889	
10171	3	9.14	46891	45625	
10172	1	114.99	46891	45804	
10173	1	110.48	46898	45625	
10174	1	106.28	45804	20862	
10175	1	105.21	20842	46898	
10176	2	6.02	46898	45804	
10177	1	170.28	20869	54763	
10178	1	122.49	20648	46377	
10179	1	99.21	46377	20958	
10180	3	9.67	45109	46905	
10181	1	70.64	45073	46944	
10182	1	120.72	45073	45084	
10183	1	117.63	45084	45095	
10184	2	78.2	46918	46911	
10185	3	14.86	21171	46911	
10186	4	23.95	46918	45319	
10187	4	21.44	41321	46592	
10188	3	35.03	46611	20972	
10189	5	10.41	21042	46673	
10190	4	5.29	20912	20907	
10191	6	6.9	20896	20901	
10192	5	51.67	20658	46191	
10193	2	41.08	46785	20652	
10194	3	34.25	46961	46966	
10195	6	23.69	46947	46961	
10196	3	31.62	20977	46947	
10197	3	30.18	20977	46947	
10198	4	24.02	20642	46611	
10199	6	120.6	40633	46925	
10201	6	97.85	46925	46931	
10202	6	106.49	46931	40636	
10203	6	61.83	46937	41883	
10204	2	32.29	46944	45053	
10205	4	12.29	20663	45963	
10206	2	105.88	20856	20869	
10207	2	83.2	45986	20652	
10208	2	43.15	20652	46785	
10209	2	84.75	46785	45996	
10210	5	14.05	46947	46966	
10211	2	107.31	46136	46129	
10481	1	46	40633	-1	
10483	1	57.48	-1	46925	
10484	1	70.73	46931	-1	
10487	2	95.12	40636	-1	
10533	1	140.8	46937	-1	
10718	2	348.65	-1	41895	
10719	2	349.46	41895	-1	
10720	3	88.32	54773	-1	
10723	3	103.34	-1	54874	
10739	1	39.6	54874	-1	
10749	1	95.65	-1	41961	
10757	1	118.92	-1	54865	
10758	1	127.69	41964	-1	
10766	1	80.58	41967	-1	
10772	1	31.21	-1	41970	
10798	1	57.48	-1	54849	
10816	1	44.03	41985	-1	
10825	1	180.82	-1	41985	
10832	1	82.68	41979	-1	
10834	1	124.26	-1	54839	
10837	1	158.63	41982	-1	
11022	2	117.45	41879	-1	
11023	2	116.5	-1	41881	
11047	4	70.54	-1	41937	
11068	4	193.67	54994	-1	
11073	3	55.1	-1	73547	
11074	3	159.61	-1	41888	
11095	4	30.88	41937	48883	
11096	2	17.73	41950	48883	
11097	4	57.76	48883	-1	
11098	5	80.68	52319	-1	
11100	5	23.55	49110	52319	
11101	5	22.93	40951	49110	
11102	3	105.58	49169	49118	
11104	3	22.29	49118	49104	
11105	3	10.76	49120	49107	
11106	1	84.86	49124	-1	
11107	2	55.43	49124	49151	
11108	1	11.43	49149	49151	
11115	1	60.87	49158	-1	
11120	2	124.57	41923	49180	
11121	2	107.77	49180	20752	
11122	4	39.16	40954	49180	
11123	5	16.35	-1	49178	
11127	4	94.71	49180	-1	
11128	2	27.08	49281	49158	
11129	3	46.51	49281	49167	
11130	1	25.31	49151	49169	
11131	3	7.73	49167	49169	
11132	3	73.81	49174	49281	
11133	5	72.6	49178	49180	
11229	1	194.01	41927	-1	
11230	1	196.53	-1	41927	
12055	2	185.61	20607	-1	
12077	4	19.71	20594	20496	
12078	1	25.64	20604	41138	
12079	2	20.25	41136	20607	
12080	4	42.45	49122	52319	
12082	3	36.24	20588	21065	
12084	2	40.17	20588	21071	
12085	2	20.01	21056	20588	
12086	3	30.8	21065	20588	
12103	3	13.52	20599	20594	
12117	1	35.2	21056	-1	
12120	1	36.49	-1	21056	
12282	5	64.1	-1	19076	
12285	4	135.05	-1	21047	
12349	3	160.09	19069	21099	
12351	3	141.38	21099	19067	
12352	2	104.46	19076	19072	
12353	2	136.46	21105	19065	
12354	2	158.86	19072	21092	
12355	1	137	21092	-1	
12356	2	75.11	19072	-1	
12758	3	89.89	-1	21056	
12830	3	128.43	21099	41116	
12831	3	184.67	21081	21065	
12832	3	131.22	41116	21081	
12833	2	107.17	21092	21522	
12834	2	55.29	21047	41128	
12835	2	61.08	41128	21087	
12836	2	183.01	21087	21056	
12837	2	46.63	21071	41133	
12838	2	131.05	41133	21076	
12839	2	21.19	21076	41131	
12840	2	86.28	41131	21051	
12841	2	130.95	21051	21105	
12842	3	186.84	21065	21081	
12843	3	132.39	21081	41116	
12844	3	129.8	41116	21099	
12846	1	39.78	41138	-1	
12847	2	40.61	-1	41136	
13188	2	85.23	21087	-1	
13189	1	110.64	41128	-1	
13212	3	36.43	54839	41982	
13213	3	90.08	54837	54839	
13214	3	9.09	41985	41875	
13215	3	45.15	54849	41979	
13216	3	34.84	54858	41970	
13217	3	76.95	41964	41967	
13218	3	81.78	54874	41961	
13219	3	99.54	54773	54874	
13221	3	162.48	54885	54773	
13222	3	149.02	54981	54885	
13223	3	147.42	54885	54981	
13224	3	158.71	54773	54885	
13225	3	110.8	54874	54773	
13226	3	138.35	54865	54874	
13227	3	135.96	54858	54865	
13229	3	29.26	41970	54858	
13230	3	136.75	54839	54849	
13231	3	17.59	41873	54837	
13232	4	164	54826	54763	
13233	5	24.76	54826	42464	
13234	3	37.26	54820	54815	
13235	5	102.86	41613	54826	
13236	4	101.83	54815	54784	
13237	2	106.94	54784	41618	
13238	2	99.42	41613	54784	
13239	3	119.13	54789	54806	
13240	3	115.86	54806	54811	
13242	3	143.36	54811	54820	
13243	4	85.29	54820	54826	
13244	3	115.45	44093	54789	
13245	3	103.24	19364	54792	
13246	4	71.14	54792	41321	
13249	4	117.74	20349	54799	
13250	3	118.02	54799	20349	
13251	4	72.01	54799	44093	
13252	3	73.29	44093	54799	
13253	2	120.3	19321	19334	
13254	2	45.13	41681	19321	
13255	2	131.02	19315	19318	
13256	3	49.88	19318	54782	
13257	3	66.62	54782	19324	
13258	5	107.87	-1	19255	
13310	2	39.24	54969	54972	
13311	3	20.22	41877	54975	
13312	3	8.84	54975	54977	
13313	3	18.04	54977	54979	
13314	3	11.3	54979	55027	
13315	5	13.01	41883	54989	
13325	3	9.88	55027	41892	
13414	2	112.19	46592	41674	
13416	2	30.88	55304	39781	
13417	2	52.22	39783	55299	
13418	2	107.18	55299	54849	
13419	2	50.64	54839	41886	
13420	2	112.35	55304	55299	
13421	2	112.17	55299	54839	
13494	2	94.77	20958	19341	
13495	1	86.07	19336	20958	
13574	4	166.22	42464	-1	
13584	3	109.37	41691	43795	
13585	2	30.26	44358	44093	
14059	6	35.36	54994	41892	
14060	6	59.08	54989	54994	
14061	6	44.94	54986	54989	
14062	6	25.53	54981	54986	
14063	6	38.6	41895	54981	
14064	2	65.16	54989	41879	
14065	2	46.63	41881	54994	
14066	1	88.59	41883	54969	
14067	1	134	54981	45874	
14068	2	21.97	54972	45874	
14069	1	27.88	54972	45874	
14070	2	60.63	54986	54969	
14172	5	26.85	20607	20599	
14173	5	67.71	20588	20604	
14656	3	109.52	49180	-1	
14658	2	170.02	49158	49180	
14659	2	96.66	49151	49158	
14661	2	106.82	49158	-1	
14664	1	74.8	-1	49149	
14665	2	129.04	52319	49124	
14666	3	49.17	49104	49110	
14667	4	139.54	20594	49122	
14669	3	63.24	49110	49120	
14671	3	95.98	49107	20496	
14913	2	120.65	41658	41663	
14914	2	105.42	41663	41691	
14920	1	78.97	41947	41945	
16430	3	59.13	21109	21122	
16442	3	166.71	23621	20633	
16613	3	172.25	20633	23621	
16615	3	103.64	20612	-1	
16631	4	114.56	23350	23569	
16632	3	99.2	-1	23505	
16633	3	100.42	-1	23392	
16634	3	99.3	23357	-1	
16664	4	56.23	23043	23046	
16665	4	85.93	20513	23050	
16666	4	39.96	23056	18712	
16667	4	30.19	23053	23056	
16668	4	49.23	23063	19312	
16669	4	25.43	18716	18721	
16670	3	127.53	18743	18716	
16671	3	277.64	20958	18743	
16694	3	184.4	18734	18707	
16695	4	30.76	18707	18740	
16696	3	355.75	18740	20958	
16699	2	74.99	18719	18730	
16700	2	48.69	18738	18716	
16701	2	76.15	23056	-1	
16794	2	113.67	44672	23569	
16795	2	109.56	23350	44679	
16796	2	112.14	23399	44869	
16797	2	115.47	21161	23542	
16799	2	108.56	44877	23549	
16800	2	101.55	23448	44884	
16801	2	113.12	44891	23559	
16802	2	113.37	26410	44898	
16803	2	138	44717	25032	
16804	3	127.29	23505	44710	
16810	4	82.24	19312	20520	
16811	2	163.55	19378	19373	
16844	2	20.61	43758	54820	
16845	3	14.03	43761	54820	
16984	4	64.76	23046	20513	
16988	4	28.75	20496	20585	
16989	5	28.19	20604	20607	
16990	4	30.45	20585	20588	
16994	4	104.69	20585	44392	
16995	3	79.98	42360	46198	
16996	2	110.28	46170	55304	
16997	2	113.26	46094	42393	
16998	3	107.06	46094	44128	
16999	3	108.95	44128	46087	
17000	4	72.58	49180	46470	
17001	2	115.82	49104	44409	
17002	3	54.02	49107	44387	
17003	5	91.38	46446	42906	
17004	2	112.01	44109	54763	
17005	2	116.25	44109	54763	
17006	5	107.07	54763	46654	
17007	2	156.46	46441	41613	
17008	1	105.38	46441	20876	
17009	1	92.21	20620	46863	
17010	2	89.04	20620	44647	
17011	5	85.28	44647	20620	
17013	1	81.49	44647	20620	
17014	2	145.72	20620	19085	
17015	2	105.57	21145	23584	
17016	3	113.22	23577	44665	
17017	2	57.02	49174	46470	
17018	3	95.55	49180	49174	
17020	2	40.58	46460	49281	
17021	5	17.8	20876	20842	
17022	3	18.61	20862	20869	
17023	4	199.88	20599	-1	
17027	1	52	44555	26228	
17028	1	61.41	23630	44555	
17043	2	102.74	42393	46198	
17050	4	200.64	-1	20599	
17181	1	59.24	-1	43784	
17254	2	124.07	23030	18738	
17268	3	75.85	20752	-1	
17270	3	210.03	-1	20594	
17280	2	73.13	-1	23056	
64715	1	12.14	46572	20648	
64751	1	7.82	46745	46660	
64752	1	7.03	46660	20826	
68076	1	19.86	19334	19315	
69616	1	17.51	69623	45884	
69622	1	13.72	69623	19090	
70330	2	15.66	20842	20876	
72127	2	12.17	46751	46453	
73054	2	2.28	20620	20620	
73546	3	80.75	73547	41877	