18703	-2007	1
1	
1	
18707	0	2
1	1	
0	1	
18716	0	2
1	1	
1	0	
18721	0	2
1	0	
1	1	
18740	0	2
1	0	
1	1	
18745	2	3
1	0	1	
1	1	1	
18752	1	2
1	1	
1	1	
19065	1	1
1	
1	
19067	1	1
1	
1	
19069	1	2
1	1	
1	1	
19072	1	3
1	1	1	
1	1	1	
19076	2	3
1	1	1	
1	1	1	
19080	1	4
1	1	1	0	
1	1	1	1	
19085	1	4
1	0	1	0	
1	1	1	1	
19090	1	4
1	0	1	1	
1	1	1	1	
19097	1	4
1	0	1	1	
1	1	1	1	
19104	1	4
1	0	1	1	
1	1	1	1	
19111	1	4
1	0	1	1	
1	1	1	1	
19118	1	4
1	0	1	1	
1	1	1	1	
19125	1	4
1	0	1	1	
1	1	1	1	
19132	1	4
1	0	1	1	
1	1	1	1	
19191	1	6
1	0	0	1	0	1	
1	1	1	1	1	1	
19201	1	4
1	0	1	1	
1	1	1	1	
19247	0	4
1	1	1	0	
1	1	1	1	
19252	0	2
1	1	
1	1	
19255	2	4
1	0	1	0	
1	1	1	1	
19312	1	2
1	1	
1	1	
19315	1	4
1	1	1	1	
1	1	1	1	
19318	1	2
1	1	
1	1	
19321	1	2
1	1	
1	1	
19324	2	4
1	0	1	1	
1	1	1	1	
19329	2	4
1	1	1	0	
1	1	1	1	
19334	0	2
1	0	
1	1	
19336	0	4
1	1	1	0	
1	1	1	1	
19341	0	4
1	0	1	1	
1	1	1	1	
19346	0	2
1	1	
1	1	
19349	0	4
1	1	1	0	
1	1	1	1	
19354	1	4
1	0	1	1	
1	1	1	1	
19359	1	4
1	0	1	1	
1	1	1	1	
19364	0	6
1	1	1	1	0	1	
1	1	1	1	1	1	
19371	-2007	1
1	
1	
19373	1	4
1	0	1	1	
1	1	1	1	
19378	1	8
1	1	0	1	1	0	1	1	
1	1	1	1	1	1	1	1	
19385	1	10
1	1	1	1	1	1	1	0	1	1	
1	1	1	1	1	1	1	1	1	1	
19396	0	2
1	1	
1	1	
19399	1	11
1	1	1	1	1	1	1	1	1	0	0	
1	1	1	1	1	1	1	1	1	1	1	
19411	0	4
1	0	1	0	
1	1	1	1	
19420	0	3
1	0	1	
1	1	1	
19424	0	2
1	1	
1	1	
19427	0	3
1	0	0	
1	1	1	
19596	1	4
1	0	1	1	
1	1	1	1	
19603	1	4
1	0	1	1	
1	1	1	1	
19642	0	5
1	0	1	0	1	
1	1	1	1	1	
20349	1	6
1	1	0	1	1	1	
1	1	1	1	1	1	
20496	1	2
1	1	
1	1	
20513	1	2
1	0	
1	1	
20520	0	2
1	0	
1	1	
20527	1	4
1	0	1	1	
1	1	1	1	
20585	0	2
1	0	
1	1	
20588	1	5
1	1	1	1	0	
1	0	1	1	0	
20594	1	4
1	1	1	0	
1	0	0	1	
20599	2	4
1	0	0	1	
1	1	1	1	
20604	0	2
1	0	
1	1	
20607	1	4
1	1	1	0	
1	1	1	1	
20612	2	8
1	0	1	1	1	1	0	0	
1	1	1	1	1	1	1	1	
20620	1	14
1	1	1	0	1	1	1	0	1	0	1	1	1	1	
1	0	1	1	0	1	1	1	1	1	1	1	1	1	
20633	2	6
1	0	1	0	1	1	
1	1	1	1	1	1	
20640	0	1
1	
1	
20642	1	5
1	1	0	1	1	
1	1	1	1	1	
20648	2	4
1	1	1	1	
1	1	1	1	
20652	2	5
1	1	1	0	1	
1	1	1	1	1	
20658	2	4
1	1	1	0	
1	1	1	1	
20663	2	4
1	1	1	0	
1	1	1	1	
20752	1	4
1	0	1	1	
1	1	1	1	
20813	1	4
1	0	1	1	
1	1	1	1	
20820	2	3
1	1	1	
1	1	1	
20826	1	2
1	1	
1	1	
20829	1	4
1	0	1	0	
1	1	1	1	
20836	1	5
1	1	0	1	1	
1	1	1	1	1	
20842	2	6
1	1	1	1	1	0	
1	1	1	1	1	1	
20848	1	6
1	1	1	1	0	1	
1	1	1	1	1	1	
20856	1	5
1	0	0	1	1	
1	1	1	1	1	
20862	1	6
1	0	1	1	1	1	
1	1	1	1	1	1	
20869	1	8
1	1	1	1	1	1	1	0	
1	0	1	1	1	1	1	1	
20876	2	10
1	0	0	1	1	0	1	1	1	1	
1	1	1	1	1	1	1	1	1	0	
20889	-2007	1
1	
1	
20891	1	4
1	0	1	1	
1	1	1	1	
20896	1	5
1	1	0	1	0	
1	1	1	1	1	
20901	1	4
1	0	1	0	
1	1	1	1	
20907	1	4
1	1	1	0	
1	1	1	1	
20912	1	6
1	1	1	1	1	0	
1	1	1	1	1	1	
20919	1	6
1	1	1	1	1	0	
1	1	1	1	1	1	
20926	1	4
1	0	1	1	
1	1	1	1	
20931	1	6
1	1	1	1	1	0	
1	1	1	1	1	1	
20938	1	4
1	0	1	1	
1	1	1	1	
20943	1	4
1	0	1	0	
1	1	1	1	
20948	1	4
1	0	1	1	
1	1	1	1	
20953	1	4
1	0	1	1	
1	1	1	1	
20958	1	14
1	1	1	0	0	1	1	1	1	1	1	1	0	0	
1	1	1	1	1	0	1	1	1	1	1	1	1	1	
20972	1	4
1	0	1	1	
1	1	1	1	
20977	0	3
1	0	0	
1	1	1	
20981	1	6
1	0	0	1	1	0	
1	1	1	1	1	1	
20988	2	9
1	0	1	1	0	1	1	1	1	
1	1	1	1	1	1	1	1	1	
20998	2	10
1	0	0	1	1	1	1	1	1	1	
1	0	1	1	1	1	1	1	1	1	
21009	1	5
1	1	1	1	0	
0	1	1	1	1	
21015	1	6
1	1	1	1	1	0	
1	1	1	1	1	1	
21022	1	4
1	0	1	1	
1	1	1	1	
21027	1	6
1	0	1	1	1	1	
1	1	1	1	1	1	
21036	1	5
1	1	1	1	0	
1	1	1	1	1	
21042	1	4
1	1	1	0	
1	1	1	1	
21047	1	3
1	1	1	
1	1	1	
21051	1	4
1	0	1	1	
1	1	1	1	
21056	1	7
1	1	1	0	0	1	1	
1	1	1	1	1	1	1	
21065	1	5
1	1	0	1	1	
1	1	1	1	1	
21071	1	2
1	1	
1	1	
21076	1	4
1	0	1	0	
1	1	1	1	
21081	1	5
1	1	0	1	1	
1	1	1	1	1	
21087	1	4
1	0	1	1	
1	1	1	1	
21092	1	6
1	1	0	1	1	1	
1	1	1	1	1	1	
21099	1	5
1	0	0	1	1	
1	1	1	1	1	
21105	1	3
1	1	1	
1	1	1	
21109	1	5
1	1	1	0	1	
1	1	1	1	1	
21115	1	2
1	1	
1	1	
21118	1	3
1	1	1	
1	1	1	
21122	1	4
1	0	1	1	
1	1	1	1	
21127	1	2
1	1	
1	1	
21130	1	4
1	1	1	1	
1	1	1	1	
21135	1	3
1	0	1	
1	1	1	
21139	1	5
1	1	1	0	1	
1	1	1	1	1	
21145	1	7
1	0	1	0	0	1	1	
1	1	1	1	1	1	1	
21153	1	2
1	1	
1	1	
21156	1	4
1	0	1	1	
1	1	1	1	
21161	1	4
1	1	1	0	
1	1	1	1	
21166	1	4
1	0	1	1	
1	1	1	1	
21171	2	10
1	1	1	1	1	1	0	0	1	1	
1	1	1	1	1	1	1	1	1	1	
21182	1	4
1	0	1	1	
1	1	1	1	
21199	0	2
1	0	
1	1	
21522	0	2
1	1	
1	1	
21560	0	2
1	0	
1	1	
21563	0	2
1	1	
1	1	
23043	1	2
1	1	
1	1	
23046	1	3
1	1	0	
1	1	1	
23050	0	2
1	0	
1	1	
23053	1	2
1	1	
1	1	
23056	1	3
1	0	1	
1	1	1	
23060	0	2
1	0	
1	1	
23063	1	2
1	1	
1	1	
23350	1	4
1	1	1	0	
1	1	1	1	
23357	1	4
1	1	1	0	
1	1	1	1	
23392	1	4
1	0	1	1	
1	1	1	1	
23399	1	4
1	0	1	1	
1	1	1	1	
23448	1	4
1	1	1	0	
1	1	1	1	
23505	1	4
1	0	1	1	
1	1	1	1	
23542	1	4
1	0	1	1	
1	1	1	1	
23549	1	4
1	0	1	1	
1	1	1	1	
23556	0	2
1	0	
1	1	
23559	1	4
1	0	1	1	
1	1	1	1	
23569	1	4
1	1	1	1	
1	1	1	1	
23577	1	4
1	0	1	1	
1	1	1	1	
23584	1	4
1	1	1	1	
1	1	1	1	
23593	0	2
1	1	
1	1	
23598	1	4
1	0	1	1	
1	1	1	1	
23605	0	2
1	1	
1	1	
23611	0	2
1	1	
1	1	
23614	1	4
1	1	1	0	
1	1	1	1	
23621	1	6
1	1	1	0	1	1	
1	1	1	1	1	1	
23630	1	2
1	1	
1	1	
25032	1	4
1	1	1	0	
1	1	1	1	
25181	0	1
1	
1	
26228	1	4
1	0	1	1	
1	1	1	1	
26410	1	4
1	1	1	0	
1	1	1	1	
39771	1	2
1	1	
1	1	
39774	0	1
1	
1	
39776	0	2
1	1	
1	1	
39779	0	1
1	
1	
39781	0	1
1	
1	
39783	0	1
1	
1	
40633	0	2
1	1	
1	1	
40636	0	2
1	1	
1	1	
40948	0	2
1	1	
1	1	
40951	0	2
1	1	
1	1	
40954	0	1
1	
1	
41113	0	2
1	0	
1	1	
41116	1	5
1	1	0	1	1	
1	1	1	1	1	
41125	1	2
1	1	
1	1	
41128	0	2
1	1	
1	1	
41131	0	1
1	
1	
41133	0	2
1	1	
1	1	
41136	0	1
1	
1	
41138	0	1
1	
1	
41321	1	6
1	1	1	1	1	1	
1	1	1	1	1	1	
41613	1	4
1	0	1	1	
1	1	1	1	
41618	1	4
1	0	1	1	
1	1	1	1	
41623	1	4
1	0	1	1	
1	1	1	1	
41628	1	4
1	1	1	0	
1	1	1	1	
41633	1	4
1	0	1	1	
1	1	1	1	
41638	0	4
1	1	1	0	
1	1	1	1	
41643	1	4
1	1	1	0	
1	1	1	1	
41648	1	4
1	0	1	1	
1	1	1	1	
41653	1	4
1	0	1	1	
1	1	1	1	
41658	1	4
1	1	1	0	
1	1	1	1	
41663	0	2
1	1	
1	1	
41666	1	4
1	1	1	0	
1	1	1	1	
41671	1	2
1	1	
1	1	
41674	1	6
1	1	1	0	1	0	
1	1	1	1	1	1	
41681	0	1
1	
1	
41683	1	2
1	0	
1	1	
41686	1	4
1	1	1	0	
1	1	1	1	
41691	1	4
1	0	1	1	
1	1	1	1	
41701	0	2
1	1	
1	1	
41709	1	4
1	0	1	1	
1	1	1	1	
41714	1	4
1	0	1	1	
1	1	1	1	
41729	1	4
1	1	1	1	
1	1	1	1	
41744	1	4
1	1	1	0	
1	1	1	1	
41754	1	4
1	0	1	1	
1	1	1	1	
41764	1	4
1	0	1	1	
1	1	1	1	
41769	1	4
1	0	1	1	
1	1	1	1	
41873	0	1
1	
1	
41875	0	1
1	
1	
41879	0	1
1	
1	
41881	0	1
1	
1	
41883	0	2
1	0	
1	1	
41886	0	1
1	
1	
41888	0	1
1	
1	
41890	0	1
1	
1	
41892	2	2
1	1	
1	1	
41895	1	3
1	0	1	
1	1	1	
41923	1	3
1	0	1	
1	1	1	
41927	0	3
1	1	1	
1	1	1	
41937	0	7
1	1	0	1	0	1	0	
1	1	1	1	1	1	1	
41945	0	1
1	
1	
41947	0	2
1	0	
1	1	
41950	2	4
1	0	1	1	
1	1	1	1	
41961	0	2
1	1	
1	1	
41964	0	2
1	1	
1	1	
41967	0	2
1	1	
1	1	
41970	1	6
1	1	1	1	1	1	
1	1	1	1	1	1	
41977	0	2
1	1	
1	1	
41979	0	2
1	1	
1	1	
41982	0	2
1	1	
1	1	
41985	0	4
1	1	1	1	
1	1	1	1	
42167	2	4
1	1	1	1	
1	1	1	1	
42175	1	4
1	0	1	0	
1	1	1	1	
42325	2	8
1	0	1	1	1	1	1	0	
1	1	1	1	1	1	1	1	
42341	0	2
1	1	
1	1	
42344	1	2
1	1	
1	1	
42349	1	2
1	0	
1	1	
42352	0	2
1	1	
1	1	
42355	1	2
1	1	
1	1	
42360	1	8
1	0	0	1	1	1	1	1	
1	1	1	1	1	1	1	1	
42393	1	8
1	1	1	1	1	1	1	1	
1	1	1	1	1	1	1	1	
42414	0	3
1	1	1	
1	1	1	
42450	1	6
1	1	1	1	0	0	
1	1	1	1	1	1	
42458	0	2
1	1	
1	1	
42461	0	2
1	1	
1	1	
42464	1	4
1	0	1	0	
1	1	1	1	
42875	1	2
1	0	
1	1	
42879	1	4
1	0	1	1	
1	1	1	1	
42886	1	3
1	0	1	
1	1	1	
42890	1	2
1	1	
1	1	
42893	1	2
1	0	
1	1	
42896	1	6
1	1	1	0	1	1	
1	1	1	1	1	1	
42903	0	2
1	1	
1	1	
42906	1	4
1	1	1	0	
1	1	1	1	
43706	1	5
1	1	1	1	0	
1	1	1	1	1	
43712	1	4
1	1	1	0	
1	1	1	1	
43717	1	6
1	1	1	1	1	0	
1	1	1	1	1	1	
43728	1	4
1	1	1	0	
1	1	1	1	
43758	0	2
1	0	
1	1	
43761	1	2
1	1	
1	1	
43764	0	2
1	1	
1	1	
43767	1	2
1	1	
1	1	
43772	0	1
1	
1	
43774	1	4
1	1	1	0	
1	1	1	1	
43781	0	2
1	1	
1	1	
43784	0	2
1	1	
1	1	
43795	1	4
1	0	1	0	
1	1	1	1	
44067	0	1
1	
1	
44093	1	5
1	0	1	1	0	
1	1	1	0	1	
44106	1	1
1	
1	
44109	1	2
1	1	
1	1	
44114	1	1
1	
1	
44125	1	1
1	
1	
44128	1	4
1	1	1	0	
1	1	1	1	
44279	1	4
1	1	1	1	
1	1	1	1	
44326	1	5
1	1	0	1	1	
1	1	1	1	1	
44335	0	2
1	1	
1	1	
44355	0	1
1	
1	
44358	1	3
1	0	1	
1	1	1	
44387	0	4
1	1	1	0	
1	1	1	1	
44392	1	4
1	1	1	0	
1	1	1	1	
44399	1	4
1	0	1	1	
1	1	1	1	
44406	-2007	2
1	1	
1	1	
44409	1	4
1	0	1	1	
1	1	1	1	
44416	1	4
1	0	1	0	
1	1	1	1	
44423	0	2
1	0	
1	1	
44426	1	4
1	1	1	0	
1	1	1	1	
44433	1	4
1	1	1	0	
1	1	1	1	
44440	1	4
1	1	1	0	
1	1	1	1	
44447	1	4
1	0	1	0	
1	1	1	1	
44454	0	2
1	1	
1	1	
44457	1	4
1	1	1	0	
1	1	1	1	
44464	1	6
1	1	1	0	1	0	
1	1	1	1	1	1	
44473	1	4
1	0	1	1	
1	1	1	1	
44480	1	4
1	0	1	1	
1	1	1	1	
44487	2	4
1	0	1	0	
1	1	1	1	
44494	2	4
1	0	1	1	
1	1	1	1	
44501	1	2
1	1	
1	1	
44506	1	2
1	1	
1	1	
44510	1	2
1	1	
1	1	
44515	1	4
1	0	1	1	
1	1	1	1	
44522	1	4
1	1	1	0	
1	1	1	1	
44529	1	4
1	0	1	1	
1	1	1	1	
44536	1	4
1	1	1	0	
1	1	1	1	
44543	0	4
1	0	1	1	
1	1	1	1	
44548	2	4
1	0	1	0	
1	1	1	1	
44555	1	4
1	0	1	1	
1	1	1	1	
44563	1	4
1	1	1	1	
1	1	1	1	
44570	0	4
1	1	1	0	
1	1	1	1	
44577	0	4
1	0	1	1	
1	1	1	1	
44582	1	4
1	1	1	0	
1	1	1	1	
44589	0	2
1	1	
1	1	
44592	1	4
1	0	1	1	
1	1	1	1	
44599	1	2
1	1	
1	1	
44604	1	2
1	0	
1	1	
44609	2	4
1	1	1	0	
1	1	1	1	
44616	1	4
1	0	1	1	
1	1	1	1	
44623	0	4
1	1	1	1	
1	1	1	1	
44628	1	4
1	1	1	0	
1	1	1	1	
44635	1	7
1	1	0	1	0	1	1	
1	1	1	1	1	1	1	
44647	1	8
1	1	1	0	0	1	1	1	
1	1	1	1	1	1	1	1	
44658	1	4
1	0	1	0	
1	1	1	1	
44665	1	4
1	1	1	0	
1	1	1	1	
44672	1	4
1	0	1	0	
1	1	1	1	
44679	1	4
1	1	1	0	
1	1	1	1	
44686	1	4
1	0	1	1	
1	1	1	1	
44693	1	14
1	1	1	1	1	1	1	1	1	0	1	1	0	0	
1	1	1	1	1	1	1	1	1	1	1	1	1	1	
44710	1	4
1	1	1	0	
1	1	1	1	
44717	1	4
1	0	1	1	
1	1	1	1	
44724	2	4
1	1	1	0	
1	1	1	1	
44731	1	4
1	1	1	0	
1	1	1	1	
44738	0	4
1	1	1	0	
1	0	1	0	
44743	0	2
1	0	
1	1	
44746	1	4
1	1	1	0	
1	1	1	1	
44753	0	4
1	0	1	1	
1	1	1	1	
44758	1	4
1	1	1	0	
1	1	1	1	
44765	1	4
1	0	1	1	
1	1	1	1	
44772	1	4
1	1	1	1	
1	1	1	1	
44779	1	4
1	1	1	0	
1	1	1	1	
44786	1	4
1	0	1	1	
1	1	1	1	
44793	1	4
1	1	1	0	
1	1	1	1	
44800	1	4
1	0	1	1	
1	1	1	1	
44807	1	4
1	1	1	0	
1	1	1	1	
44814	1	4
1	0	1	1	
1	1	1	1	
44821	1	4
1	0	1	1	
1	1	1	1	
44828	1	7
1	1	0	1	1	1	0	
1	1	1	1	1	1	1	
44838	1	4
1	0	1	1	
1	1	1	1	
44845	1	4
1	1	1	0	
1	1	1	1	
44852	2	5
1	1	1	1	0	
1	1	1	1	1	
44858	0	2
1	1	
1	1	
44862	1	4
1	1	1	1	
1	1	1	1	
44869	1	4
1	1	1	1	
1	1	1	1	
44877	1	4
1	1	1	0	
1	1	1	1	
44884	1	4
1	1	1	1	
1	1	1	1	
44891	1	4
1	1	1	0	
1	1	1	1	
44898	1	4
1	1	1	1	
1	1	1	1	
44905	1	8
1	1	1	1	1	1	1	0	
1	1	1	1	1	1	1	1	
44916	1	4
1	1	1	1	
1	1	1	1	
44923	1	4
1	0	1	0	
1	1	1	1	
44930	1	4
1	0	1	1	
1	1	1	1	
44937	1	4
1	1	1	1	
1	1	1	1	
44944	2	4
1	1	1	0	
1	1	1	1	
44951	1	4
1	0	1	1	
1	1	1	1	
44958	1	4
1	1	1	0	
1	1	1	1	
44965	1	4
1	0	1	1	
1	1	1	1	
44972	1	4
1	0	1	1	
1	1	1	1	
44979	1	4
1	0	1	0	
1	1	1	1	
44986	1	4
1	0	1	1	
1	1	1	1	
44993	1	7
1	1	0	1	1	1	1	
1	1	1	1	1	1	1	
45003	1	4
1	0	1	1	
1	1	1	1	
45010	1	4
1	1	1	0	
1	1	1	1	
45017	1	4
1	0	1	1	
1	1	1	1	
45024	1	4
1	1	1	0	
1	1	1	1	
45031	1	7
1	1	1	1	0	0	0	
1	1	1	1	1	1	1	
45041	1	7
1	1	0	1	1	1	1	
1	1	1	1	1	1	1	
45053	1	9
1	1	0	0	1	0	1	1	1	
1	1	1	1	1	1	1	1	1	
45066	1	4
1	0	1	1	
1	1	1	1	
45073	1	8
1	1	1	0	0	1	1	1	
1	1	1	1	1	1	1	1	
45084	2	7
1	1	0	1	1	1	1	
1	1	1	1	1	1	1	
45095	1	10
1	1	1	1	0	0	1	1	1	1	
1	1	1	1	1	1	1	1	1	1	
45109	1	5
1	0	0	1	1	
1	1	1	1	1	
45117	2	4
1	0	1	1	
1	1	1	1	
45124	1	4
1	0	1	1	
1	1	1	1	
45131	1	4
1	1	1	0	
1	1	1	1	
45138	1	4
1	0	1	1	
1	1	1	1	
45145	1	4
1	1	1	0	
1	1	1	1	
45152	2	4
1	0	1	1	
1	1	1	1	
45159	1	4
1	1	1	0	
1	1	1	1	
45166	1	4
1	0	1	0	
1	1	1	1	
45173	1	4
1	1	1	0	
1	1	1	1	
45180	1	4
1	0	1	1	
1	1	1	1	
45187	1	4
1	1	1	1	
1	1	1	1	
45194	1	4
1	1	1	0	
1	1	1	1	
45201	1	7
1	1	0	1	0	1	1	
1	1	1	1	1	1	1	
45213	1	4
1	1	1	0	
1	1	1	1	
45220	1	4
1	0	1	1	
1	1	1	1	
45227	1	4
1	1	1	0	
1	1	1	1	
45234	1	4
1	0	1	1	
1	1	1	1	
45241	1	4
1	1	1	0	
1	1	1	1	
45248	1	6
1	1	0	1	1	1	
1	1	1	1	1	1	
45257	1	4
1	0	1	1	
1	1	1	1	
45264	1	4
1	1	1	0	
1	1	1	1	
45271	1	4
1	0	1	1	
1	1	1	1	
45278	1	4
1	1	1	0	
1	1	1	1	
45285	1	4
1	0	1	1	
1	1	1	1	
45292	1	4
1	1	1	0	
1	1	1	1	
45299	1	4
1	0	1	1	
1	1	1	1	
45306	1	5
1	1	1	1	0	
1	1	1	1	1	
45312	1	4
1	0	1	1	
1	1	1	1	
45319	2	4
1	1	1	1	
1	1	1	1	
45324	1	4
1	0	1	1	
1	1	1	1	
45331	2	4
1	0	1	0	
1	1	1	1	
45338	1	4
1	0	1	0	
1	1	1	1	
45345	1	4
1	1	1	0	
1	1	1	1	
45352	1	6
1	0	0	1	0	0	
1	1	1	1	1	1	
45361	0	2
1	1	
1	0	
45364	1	4
1	0	1	1	
1	1	1	1	
45370	1	4
1	1	1	0	
1	1	1	1	
45377	1	4
1	0	1	1	
1	1	1	1	
45384	1	4
1	1	1	0	
1	1	1	1	
45391	1	4
1	0	1	1	
1	1	1	1	
45398	1	4
1	0	1	1	
1	1	1	1	
45405	1	4
1	1	1	0	
1	1	1	1	
45412	1	4
1	0	1	0	
0	1	0	1	
45419	1	4
1	0	1	0	
1	1	1	1	
45426	0	2
1	1	
1	1	
45429	1	3
1	1	0	
1	1	1	
45434	1	3
1	1	1	
0	0	0	
45440	0	2
1	1	
1	1	
45443	1	4
1	0	1	0	
1	1	1	1	
45450	1	7
1	1	0	1	1	1	0	
1	1	1	1	1	1	1	
45460	1	4
1	0	1	1	
1	1	1	1	
45467	1	4
1	1	1	0	
1	1	1	1	
45474	1	4
1	0	1	1	
1	1	1	1	
45481	1	4
1	1	1	0	
1	1	1	1	
45488	1	4
1	0	1	1	
1	1	1	1	
45495	1	6
1	1	0	1	1	1	
1	1	1	1	1	1	
45504	1	4
1	1	1	0	
1	1	1	1	
45511	1	4
1	0	1	1	
1	1	1	1	
45518	1	5
1	1	1	0	0	
1	1	1	1	1	
45524	1	4
1	1	1	0	
1	1	1	1	
45531	0	2
1	0	
1	1	
45534	1	4
1	0	1	1	
1	1	1	1	
45541	1	4
1	1	1	0	
1	1	1	1	
45548	1	4
1	0	1	1	
1	1	1	1	
45555	2	4
1	1	1	0	
1	1	1	1	
45562	1	4
1	1	1	1	
1	1	1	1	
45569	1	4
1	0	1	1	
1	1	1	1	
45576	1	4
1	1	1	0	
1	1	1	1	
45583	1	4
1	0	1	1	
1	1	1	1	
45589	1	4
1	1	1	0	
1	1	1	1	
45596	1	4
1	0	1	1	
1	1	1	1	
45603	0	4
1	1	1	1	
1	1	1	1	
45608	1	4
1	1	1	0	
1	1	1	0	
45615	1	7
1	1	0	1	0	1	1	
1	1	1	1	1	1	1	
45625	1	9
1	1	1	1	1	0	0	1	1	
1	1	1	1	1	1	1	1	1	
45639	1	4
1	1	1	0	
1	1	1	1	
45646	1	4
1	0	1	1	
1	1	1	1	
45653	1	4
1	1	1	0	
1	1	1	1	
45660	1	4
1	0	1	1	
1	1	1	1	
45667	1	4
1	1	1	0	
1	1	1	1	
45674	1	6
1	0	0	1	1	1	
1	1	1	1	1	1	
45683	1	4
1	0	1	1	
1	1	1	1	
45690	1	4
1	1	1	0	
1	1	1	1	
45697	1	4
1	0	1	1	
1	1	1	1	
45704	0	2
1	1	
1	1	
45707	1	4
1	0	1	1	
1	1	1	1	
45714	1	4
1	1	1	0	
1	1	1	1	
45721	1	4
1	0	1	1	
1	1	1	1	
45728	1	4
1	1	1	0	
1	1	1	1	
45735	1	4
1	0	1	1	
1	1	1	1	
45742	1	4
1	0	1	1	
1	1	1	1	
45749	1	4
1	1	1	0	
1	1	1	1	
45756	1	4
1	0	1	1	
1	1	1	1	
45763	1	4
1	1	1	0	
1	1	1	1	
45770	1	4
1	0	1	1	
1	1	1	1	
45777	1	4
1	1	1	0	
1	1	1	1	
45784	0	2
1	1	
1	1	
45787	1	4
1	0	1	1	
1	1	1	1	
45794	1	7
1	0	0	1	1	1	0	
1	1	1	1	1	1	1	
45804	1	9
1	1	1	1	1	1	1	0	0	
1	1	1	1	1	1	1	1	1	
45817	1	4
1	0	1	1	
1	1	1	1	
45824	1	4
1	1	1	0	
1	1	1	1	
45831	1	4
1	0	1	0	
1	1	1	1	
45839	1	4
1	1	1	0	
1	1	1	1	
45846	1	4
1	0	1	1	
1	1	1	1	
45853	1	4
1	1	1	0	
1	1	1	1	
45860	1	4
1	0	1	1	
1	1	1	1	
45867	1	4
1	1	1	0	
1	1	1	1	
45874	0	10
1	1	1	0	1	1	1	1	1	1	
1	1	1	1	1	1	1	1	0	0	
45884	1	5
1	1	1	0	1	
1	1	1	1	1	
45891	1	4
1	0	1	1	
1	1	1	1	
45899	1	4
1	1	1	0	
1	1	1	1	
45906	2	4
1	0	1	0	
1	1	1	1	
45913	1	4
1	1	1	0	
1	1	1	1	
45920	1	3
1	1	0	
1	1	1	
45926	2	4
1	0	1	1	
1	1	1	1	
45934	1	3
1	1	0	
1	1	1	
45940	1	4
1	0	1	1	
1	1	1	1	
45947	1	4
1	1	1	0	
1	1	1	1	
45954	1	6
1	1	0	1	1	1	
1	1	1	1	1	1	
45963	2	4
1	0	1	0	
1	1	1	1	
45970	1	6
1	1	1	1	0	0	
1	1	1	1	1	1	
45979	1	4
1	0	1	1	
1	1	1	1	
45986	1	7
1	0	1	0	1	0	0	
1	1	1	1	1	1	1	
45996	1	9
1	1	1	1	1	0	1	1	1	
1	1	1	1	1	1	1	1	0	
46008	1	6
1	1	1	1	0	0	
1	1	1	1	1	1	
46018	1	7
1	0	1	1	1	1	0	
1	1	1	1	1	1	1	
46031	1	4
1	0	1	1	
1	1	1	1	
46038	1	4
1	1	1	0	
1	1	1	1	
46045	1	4
1	0	1	1	
1	1	1	1	
46052	1	4
1	1	1	0	
1	1	1	1	
46059	1	4
1	0	1	1	
1	1	1	1	
46066	1	4
1	0	1	1	
1	1	1	1	
46073	1	4
1	1	1	0	
1	1	1	1	
46080	1	4
1	0	1	1	
1	1	1	1	
46087	1	4
1	1	1	0	
1	1	1	1	
46094	1	4
1	1	1	0	
1	1	1	1	
46101	1	4
1	0	1	1	
1	1	1	1	
46108	1	4
1	0	1	0	
1	1	1	1	
46115	1	4
1	1	1	0	
1	1	1	1	
46122	1	4
1	0	1	1	
1	1	1	1	
46129	1	4
1	0	1	1	
1	1	1	1	
46136	1	4
1	0	1	1	
1	1	1	1	
46143	0	4
1	1	1	0	
1	1	1	1	
46150	0	3
1	1	1	
1	1	1	
46156	1	4
1	0	1	1	
1	1	1	1	
46163	1	4
1	1	1	1	
1	1	1	1	
46170	1	4
1	0	1	1	
1	1	1	1	
46177	1	4
1	0	1	1	
1	1	1	1	
46184	1	4
1	1	1	0	
1	1	1	1	
46191	2	4
1	1	1	0	
1	1	1	1	
46198	1	4
1	0	1	1	
1	1	1	1	
46205	2	3
1	1	0	
1	1	1	
46211	1	4
1	0	1	1	
1	1	1	1	
46218	1	4
1	0	1	1	
1	1	1	1	
46225	1	4
1	1	1	0	
1	1	1	1	
46232	1	4
1	1	1	0	
1	1	1	1	
46239	1	4
1	0	1	1	
1	1	1	1	
46246	1	4
1	1	1	0	
1	1	1	1	
46253	1	4
1	0	1	1	
1	1	1	1	
46260	1	4
1	0	1	1	
1	1	1	1	
46267	1	4
1	0	1	1	
1	1	1	1	
46274	1	4
1	1	1	0	
1	1	1	1	
46281	1	4
1	0	1	1	
1	1	1	1	
46288	1	4
1	1	1	0	
1	1	1	1	
46295	1	4
1	1	1	1	
1	1	1	1	
46302	1	4
1	1	1	0	
1	1	1	1	
46309	1	4
1	1	1	0	
1	1	1	1	
46316	1	4
1	0	1	0	
1	1	1	1	
46323	1	4
1	1	1	0	
1	1	1	1	
46330	1	4
1	1	1	0	
1	1	1	1	
46337	1	4
1	0	1	1	
1	1	1	1	
46344	1	4
1	0	1	1	
1	1	1	1	
46351	1	4
1	1	1	0	
1	1	1	1	
46358	1	4
1	0	1	1	
1	1	1	1	
46365	1	4
1	0	1	1	
1	1	1	1	
46370	2	6
1	1	1	1	0	0	
1	1	1	1	1	1	
46377	1	8
1	1	1	0	0	0	1	1	
1	1	1	1	1	1	1	1	
46390	1	4
1	1	1	0	
1	1	1	1	
46395	1	4
1	1	1	0	
1	1	1	1	
46402	1	4
1	0	1	1	
1	1	1	1	
46409	1	4
1	1	1	0	
1	1	1	1	
46414	1	4
1	0	1	1	
1	1	1	1	
46419	1	4
1	1	1	0	
1	1	1	1	
46424	1	4
1	1	1	0	
1	1	1	1	
46431	1	6
1	1	1	0	1	1	
1	1	1	1	1	1	
46441	0	4
1	1	1	1	
1	1	1	1	
46446	1	4
1	1	1	0	
1	1	1	1	
46453	1	4
1	1	1	1	
0	1	1	1	
46460	0	2
1	1	
1	1	
46463	1	4
1	1	1	0	
1	1	1	1	
46470	1	4
1	1	1	0	
1	1	1	1	
46477	1	4
1	1	1	0	
1	1	1	1	
46484	1	4
1	1	1	0	
1	1	1	1	
46491	1	4
1	0	1	1	
1	1	1	1	
46498	2	4
1	0	1	0	
1	1	1	1	
46505	1	4
1	0	1	1	
1	1	1	1	
46512	1	4
1	1	1	0	
1	1	1	1	
46518	1	4
1	0	1	1	
1	1	1	1	
46525	1	4
1	0	1	0	
1	1	1	1	
46532	2	4
1	1	1	0	
1	1	1	1	
46539	1	8
1	1	0	1	1	0	1	1	
1	1	1	1	1	1	1	1	
46552	1	6
1	0	0	1	1	0	
1	1	1	1	1	1	
46563	1	4
1	1	1	0	
1	1	1	1	
46572	2	9
1	1	0	1	1	0	1	1	0	
1	1	1	1	1	1	1	1	1	
46592	1	6
1	0	1	0	1	1	
1	1	1	1	1	1	
46601	1	5
1	0	1	1	0	
1	1	1	1	1	
46607	0	3
1	1	0	
1	1	1	
46611	1	6
1	1	1	0	1	1	
1	1	1	1	1	1	
46624	1	14
1	1	1	1	1	1	1	1	1	0	1	1	0	0	
1	1	1	1	1	1	1	1	1	1	1	1	1	1	
46641	1	10
1	1	1	1	1	1	1	1	1	0	
1	1	1	1	1	1	1	1	1	1	
46654	1	5
1	0	1	1	0	
1	1	1	1	1	
46660	1	3
1	1	1	
1	1	1	
46663	1	4
1	0	1	1	
1	1	1	1	
46668	0	4
1	1	1	0	
1	1	1	1	
46673	1	2
1	1	
1	1	
46678	1	4
1	0	1	0	
1	1	1	1	
46685	1	4
1	1	1	1	
1	1	1	1	
46692	1	4
1	1	1	0	
1	1	1	1	
46699	1	3
1	1	1	
1	1	1	
46705	1	4
1	1	1	0	
1	1	1	1	
46712	1	4
1	1	1	0	
1	1	1	1	
46719	2	3
1	1	1	
1	1	1	
46725	1	4
1	1	1	0	
1	1	1	1	
46732	1	3
1	1	1	
1	1	1	
46738	1	4
1	1	1	0	
1	1	1	1	
46745	1	4
1	1	1	0	
1	1	1	1	
46751	1	5
1	1	0	1	0	
1	1	1	1	1	
46758	2	4
1	1	1	0	
1	1	1	1	
46765	1	4
1	1	1	0	
1	1	1	1	
46772	1	3
1	1	1	
1	1	1	
46778	1	4
1	1	1	0	
1	1	1	1	
46785	2	6
1	1	1	1	0	1	
1	1	1	1	1	1	
46794	1	4
1	1	1	0	
1	1	1	1	
46801	1	4
1	1	1	0	
1	1	1	1	
46808	2	3
1	1	1	
1	1	1	
46813	1	4
1	1	1	1	
1	1	1	1	
46820	1	2
1	1	
1	1	
46825	1	4
1	1	1	0	
1	1	1	1	
46832	1	4
1	1	1	0	
1	1	1	1	
46839	1	4
1	1	1	0	
1	1	1	1	
46846	2	4
1	1	1	0	
1	1	1	1	
46853	1	3
1	1	1	
1	1	1	
46857	1	5
1	1	0	1	1	
1	1	1	1	1	
46863	1	4
1	1	1	1	
1	1	1	1	
46870	1	4
1	1	1	1	
1	1	1	1	
46877	1	4
1	1	1	1	
1	1	1	1	
46884	1	4
1	1	1	1	
0	1	0	1	
46891	1	4
1	1	1	1	
1	1	1	1	
46898	1	4
1	1	1	1	
1	1	1	1	
46905	1	4
1	0	1	0	
1	1	1	1	
46911	1	4
1	1	1	0	
1	1	1	1	
46918	2	4
1	1	1	0	
1	1	1	1	
46925	1	4
1	0	1	1	
1	1	1	1	
46931	1	3
1	0	1	
1	1	1	
46937	1	4
1	1	1	1	
1	1	1	1	
46944	0	2
1	1	
1	0	
46947	2	10
1	1	1	0	1	1	0	1	1	0	
1	1	1	1	1	1	1	0	1	1	
46961	2	2
1	1	
1	1	
46966	1	5
1	1	1	1	0	
1	1	1	1	1	
48883	0	2
1	1	
1	1	
49104	0	2
1	1	
1	1	
49107	0	2
1	1	
1	1	
49110	1	4
1	1	1	0	
1	1	1	1	
49124	0	2
1	1	
1	1	
49151	1	4
1	0	1	1	
1	1	1	1	
49158	1	6
1	1	0	1	1	1	
1	1	1	1	1	1	
49169	1	2
1	1	
1	1	
49174	1	2
1	1	
1	1	
49180	2	16
1	1	1	1	1	0	0	1	1	0	0	0	1	1	1	0	
1	1	1	1	1	1	1	1	1	1	1	1	1	1	1	1	
49281	1	4
1	0	1	1	
1	1	1	1	
52319	1	4
1	0	1	0	
1	1	1	1	
54763	1	9
1	1	1	1	0	1	1	1	1	
1	1	1	1	1	1	1	1	1	
54773	1	8
1	1	0	0	1	1	1	1	
1	1	1	1	1	1	1	1	
54782	0	1
1	
1	
54784	1	4
1	1	1	0	
1	1	1	1	
54789	1	2
1	1	
1	1	
54792	1	7
1	1	1	1	0	1	0	
1	1	1	1	1	1	1	
54799	1	6
1	1	0	1	1	1	
1	1	1	1	1	1	
54806	1	4
1	1	0	1	
1	1	1	1	
54811	1	3
1	1	1	
1	1	1	
54815	1	4
1	0	1	0	
1	1	1	1	
54820	1	5
1	1	1	1	0	
1	1	1	1	1	
54826	1	6
1	0	1	1	1	0	
1	1	1	1	1	1	
54837	0	1
1	
1	
54839	1	9
1	1	1	1	1	1	1	1	0	
1	1	1	1	1	1	1	1	1	
54849	1	8
1	1	0	1	1	1	1	0	
1	1	1	1	1	1	1	1	
54858	1	6
1	0	0	1	1	1	
1	1	1	1	1	1	
54865	1	8
1	1	0	1	0	1	1	1	
1	1	1	1	1	1	1	1	
54874	1	10
1	1	1	0	0	1	1	1	1	1	
1	1	1	1	1	1	1	1	1	1	
54885	1	6
1	0	1	0	1	1	
1	1	1	1	1	1	
54969	0	2
1	1	
1	1	
54972	0	2
1	0	
1	1	
54981	1	5
1	0	1	1	0	
1	1	1	1	1	
54986	0	2
1	0	
1	1	
54989	1	4
1	0	1	0	
1	1	1	1	
54994	1	3
1	0	1	
1	1	1	
55299	0	4
1	0	1	1	
1	1	1	1	
55304	1	4
1	1	1	0	
1	1	1	1	
69623	0	2
1	1	
1	1	
73547	-2007	1
1	
1	
-4003	-2007	-5002


-4003	-2007	-5002


-4003	-2007	-5002


-4003	-2007	-5002


-4003	-2007	-5002


-4003	-2007	-5002


-4003	-2007	-5002


-4003	-2007	-5002


-4003	-2007	-5002


-4003	-2007	-5002


-4003	-2007	-5002


-4003	-2007	-5002


-4003	-2007	-5002


-4003	-2007	-5002


-4003	-2007	-5002


-4003	-2007	-5002


-4003	-2007	-5002


-4003	-2007	-5002


-4003	-2007	-5002


-4003	-2007	-5002


-4003	-2007	-5002


-4003	-2007	-5002


-4003	-2007	-5002


-4003	-2007	-5002


-4003	-2007	-5002


-4003	-2007	-5002


-4003	-2007	-5002


-4003	-2007	-5002


-4003	-2007	-5002


